19711
20200
6259
17853
13931
11392
15881
3050
14223
15179
10004
15476
20117
5625
10104
20235
21029
2603
10422
12276
19409
3142
21248
20350
1804
11293
8586
19445
9724
17945
15876
17401
8537
14769
123
17874
202
4644
19452
13266
8311
9508
822
20881
9404
20529
19012
13814
20820
13408
7303
7562
8721
16856
850
16117
14605
3837
5712
11274
14567
21057
16323
12373
18182
4217
5909
17724
14889
5307
929
3171
4821
10488
4416
15403
212
8178
11263
57
12637
3556
7830
13937
16639
12294
5179
1978
1872
6618
14354
16
4646
19952
19802
15703
7268
21402
15953
13375
13508
4827
4815
8506
20151
20565
15810
15672
11675
81
13153
17856
16114
9781
11673
11709
50
7739
13211
17678
7756
8942
12460
12790
15355
8628
19621
20521
5163
15455
19269
13039
13584
19998
18108
12570
17509
2499
16343
13423
3337
1734
10054
16652
15636
17394
3792
20141
6337
3346
15320
7017
16614
8602
14526
16542
4156
649
3042
14565
19899
11969
12980
4376
11626
3959
9734
6872
2536
4117
15527
8939
8985
10426
9259
3056
17528
12797
16920
16387
19513
18293
6865
5643
15769
15914
19500
16877
2973
6216
4306
16699
2830
2834
1572
1131
11522
2454
15773
15528
18731
11224
18057
9543
3532
9535
20517
10502
5486
5642
11736
13903
7288
1318
9698
17772
12411
7604
11847
18882
10599
3802
11750
20382
6741
17370
6599
4089
1047
5352
21437
3548
6523
414
21103
17071
1873
18370
11990
9083
1423
12118
1513
4659
11878
10409
3552
21315
10743
19896
7217
4143
5820
11442
493
16921
2376
11647
12310
13225
15115
2690
6660
19995
10746
3005
18319
4514
19546
18665
3033
21298
9700
3019
18631
7256
6869
8706
10310
7929
9973
1073
4112
20743
7037
3774
10516
436
7310
654
18260
15434
6743
8313
7140
1936
16004
12894
3230
714
10407
9524
1290
7015
18459
19617
8449
3526
6868
6560
2326
20637
10663
2041
4645
19603
6334
13839
18925
20850
9226
8479
3148
6006
12120
19691
7674
17695
15209
15790
19412
82
3551
8597
14284
10297
21145
6771
17153
6248
8770
1962
16810
7696
868
883
20062
7999
16981
19102
9390
12341
1583
3622
15541
10143
14445
19985
10647
10039
12005
13772
5983
20556
13625
12448
13083
19389
8358
6131
1952
6877
15949
2233
14930
20278
4414
2329
1167
17374
12409
10013
7791
5986
12775
17173
2125
20219
3695
1841
18020
11237
13850
4982
15109
10496
20233
18944
11775
1613
512
10951
13340
8940
18348
2314
20496
5671
1796
8207
2694
12396
5195
15104
3217
3365
5554
16307
9080
1265
2477
10287
20456
16996
11572
1529
9872
7248
14462
10946
10962
11629
9493
1774
19400
380
8826
4927
2149
10273
13669
19223
7700
17827
6368
9827
3138
16874
14009
1316
9162
8467
14615
13835
8682
6474
5451
14117
18586
17620
8364
1668
17263
1552
2465
13454
6794
4091
8379
17942
7392
52
18930
19827
10437
9767
12612
18816
3766
16394
5021
12242
17496
2844
18584
9519
18544
5322
1756
1018
20383
10257
17577
8833
10381
3951
15778
6428
3612
712
2978
3844
11002
16879
2474
18509
12185
3209
18684
5400
3298
16002
4959
6427
10972
7070
3373
5661
7424
12237
16807
19355
17296
2712
13589
14385
687
19075
10091
5660
17748
4937
16451
13528
8971
2052
112
11261
11078
4602
14893
19921
20875
3780
11899
15733
13936
4841
7311
6709
18672
4292
14190
2993
2263
1976
21046
5852
18291
16039
16479
4445
1002
21450
6004
7357
15259
21178
10904
15710
13286
4406
20516
20
4455
13240
395
578
12771
12033
5243
18956
20851
20822
4486
10094
21187
20498
9445
14807
6632
17221
9121
20553
16681
10216
11353
7183
1087
9589
10500
5938
16065
6351
10819
10017
15891
3557
9277
11000
9980
11022
14216
7397
17301
18962
2237
20696
10197
6788
9833
12309
4804
15122
3269
14422
5572
8958
14891
9893
7104
5135
4640
5165
11873
14731
2274
10874
17529
14761
6543
2446
12066
17134
20689
14352
10501
7426
19846
18917
4395
19637
17958
14395
10722
10044
4319
2134
9822
6487
15904
21064
6999
16962
4707
15737
11757
8876
17226
6015
9776
16081
1706
8230
2043
21236
4728
5750
6244
7837
10274
18006
21334
19602
6920
16935
2808
2634
14963
11467
12656
2596
17954
17264
947
14573
11204
19360
18621
9490
15688
10559
4320
14746
20721
14547
4085
6189
6753
11951
18038
17941
8057
15108
16338
14851
8040
6201
1184
13902
4207
12960
2962
7776
6497
16716
7656
20849
9142
12512
8441
19598
19847
18627
1703
9870
7039
13856
13149
17550
19359
11974
11147
19225
18193
8582
1038
15926
18861
7854
5178
1816
8129
3881
2815
5399
11513
3185
19652
19263
20258
14454
3023
224
14102
14010
18644
8528
8781
11196
8629
2069
7901
4193
14816
271
18654
18295
15359
19374
12917
13480
7928
1347
14164
2680
6043
13038
8090
1430
17571
7993
13733
471
12344
5747
8259
3127
16793
3004
18436
18265
4070
11032
10797
3429
21153
4755
5843
10458
3399
18646
10338
12689
15117
12719
18853
1648
597
11246
5077
13232
7805
951
981
19548
4789
277
4622
1143
4952
8340
324
7466
12094
12497
5482
13771
18933
114
16001
16401
1490
11734
11145
2897
5721
7281
16498
3640
10741
15498
5955
9019
13664
771
11585
18843
8974
18911
19817
13778
6130
20686
6539
17287
1245
3846
9923
6950
16484
17604
432
16727
8254
13687
20895
9748
18648
11866
18405
15272
12929
16119
18606
3499
4056
2054
16784
16326
5771
9237
12836
21197
7867
18419
8029
1410
14360
14097
2002
762
8227
278
11691
19049
21102
5114
11144
2416
7698
6683
19090
18318
15378
15289
20146
11946
4484
2756
16012
19801
21379
2608
12644
17288
2935
7511
3338
9191
9921
19125
18194
18889
15588
1889
359
6834
5044
15990
10146
10557
1468
20761
15229
20793
177
14532
11422
1404
7126
8503
20639
14869
7959
12640
12737
16189
13283
13740
20440
13451
570
16432
1523
18073
1414
3979
15617
4240
8246
9122
12405
11808
1210
3833
6053
7681
14380
2574
8787
626
9280
15984
9582
4931
17781
21481
5527
17682
15073
2037
16392
17220
2387
2849
11236
1196
10098
191
