19679
20234
6447
17792
14116
11986
16025
3445
14358
15178
10546
15517
20069
5880
10627
20248
21004
2760
10930
12707
19328
3539
21185
20330
1860
11777
8951
19337
10129
17838
15994
17306
8903
14800
178
17727
283
5049
19322
13455
8697
9717
802
20794
9627
20479
18909
14033
20742
13571
7555
7965
9064
16795
837
16143
14659
4168
5939
11699
14627
20949
16272
12742
18051
4652
6112
17555
14849
5545
910
3547
5207
10922
4833
15294
289
8587
11664
133
12928
3890
8150
14050
16509
12646
5432
2128
1916
6848
14366
56
5020
19742
19577
15616
7508
11635
15869
13478
13626
5202
5190
8786
19877
20372
15724
15545
12110
148
13261
17590
16032
10114
12102
12117
127
8075
13301
17410
8088
9220
12768
12973
15175
8907
19279
20286
5408
15249
18945
13137
13642
21505
17787
12830
17219
2638
16199
13474
3652
1710
10403
16427
15428
17141
4095
19777
6445
3661
15098
7222
16389
8866
14411
16341
4550
653
3345
14426
19540
12271
13065
4736
11992
4303
9925
7023
2668
4487
15242
9186
9213
10705
9365
3360
17177
12932
16641
16180
19077
17926
7010
5813
15516
15627
19043
16547
3275
6271
4668
16385
3122
3125
1578
1129
11804
2541
15492
15208
18322
11440
17606
9605
3815
9583
20033
10732
5639
5801
12024
13770
7458
1297
9770
17300
12598
7860
12115
18408
10834
4062
12022
19842
6866
17013
6642
4394
1027
5512
7753
3817
6579
474
20595
16683
1876
17886
12196
9234
1409
12306
1488
4970
21098
10618
20674
3623
11084
19278
7342
4473
5907
11646
529
16467
2384
11888
12465
13145
14802
2775
6681
19324
11075
3263
17717
4837
18906
18119
3297
16211
9675
3280
18065
7410
6936
20950
10499
8104
10093
1058
4390
20053
7137
4005
10655
491
7438
652
17616
15005
6817
8480
7214
1949
20759
12880
3523
726
10580
9448
1249
7108
21493
18890
8588
3771
6907
6511
2315
19869
10790
2121
4928
18855
6303
13637
18254
20088
9273
8592
3422
6067
12213
18904
7786
17094
14785
15219
18662
21097
3794
8659
14032
10375
11511
6720
16517
6210
8869
2055
16243
7787
832
21300
19209
8107
16362
18306
9343
12355
1570
3854
14990
10135
21491
19112
10700
9991
12076
13504
6031
19687
13335
12459
12951
18543
8416
6120
1922
21158
15241
2210
14473
20528
4657
2303
1144
16725
12387
9913
7868
5994
12695
16459
2159
19240
3915
1791
17205
11298
13510
21122
14646
10513
19238
18072
11771
1601
535
11071
13079
8947
17503
2287
19547
5703
1709
8196
2725
12326
5310
14611
3461
3606
5586
21100
9056
1231
2482
10148
19429
16244
20264
1474
9658
7192
14055
10997
11042
11549
9344
1693
18401
429
8759
5139
2169
10124
13285
18222
7603
17008
6258
9621
3332
16159
13537
1247
9085
8430
14098
13400
8636
6362
5491
13645
21095
16774
8276
1628
16424
19843
2379
13096
6612
4261
8288
17039
7325
21076
17911
18685
10293
9544
12472
21364
3929
20810
21121
12122
16591
2906
17545
9330
17507
5374
1685
971
19181
10061
16678
8726
10142
4124
14971
6270
3791
700
3118
3981
10911
16047
2378
17419
12046
3402
17581
5424
3510
15064
5136
6261
10825
21327
3586
5614
7309
12081
15956
18164
16354
2706
13119
13759
674
20650
21338
5608
16749
5092
15451
13066
8854
2080
163
11116
21217
4758
14192
18619
10745
3920
11661
14841
13330
4977
20450
6481
17494
4454
13560
3108
2200
1891
17654
5796
17142
15028
15420
4604
940
784
5887
7181
14458
5350
10678
21372
12879
4555
20142
21150
4610
12855
437
557
20100
11744
5276
17629
13332
12978
4632
9642
18922
19058
9229
14079
6384
16183
8928
19095
19870
9757
11134
6955
20681
9307
10118
5828
14979
6152
10595
9580
14846
3682
9044
10710
9549
10736
13496
7173
16206
17574
2189
4571
9701
6459
9423
12009
4902
14274
3418
13668
19739
8712
14090
20395
6840
5199
4745
5221
11487
13946
2196
19117
16324
13973
6269
2349
11676
16000
10600
19304
10076
7171
18292
17467
20874
18082
16691
13603
10400
19648
20454
2127
9397
6220
14792
17109
6649
15694
4786
14702
11373
8613
16044
5844
9357
14902
1629
8027
1914
21436
4813
5601
6048
7526
9670
20662
14357
17979
6542
15620
2732
2554
14068
11118
12225
2528
16564
16038
894
13660
19338
17690
17146
9169
21284
10040
4361
13780
14652
13640
4125
5973
6400
20752
20844
16503
7749
14127
20426
13941
7701
5952
1107
13090
4235
12444
2875
7464
6176
15258
7384
21120
8756
12037
8113
17826
18076
20294
1623
9352
6620
13056
12577
20828
17608
11419
10664
17499
16717
8163
19275
14687
19992
7495
5174
1680
7794
3921
2715
19894
11091
3228
17799
17491
18367
13485
2961
21209
13160
13104
17061
8126
8413
10650
8175
18856
7506
4180
13732
319
17053
16740
14203
19622
12308
12801
21135
1238
13176
2558
20733
12400
7640
1341
16105
7542
12943
498
11704
5523
7926
3128
15201
2870
16792
16662
4055
10486
10149
3511
21084
19003
5596
19196
3469
16979
19113
12092
14023
12114
17098
1535
19227
21453
5026
12548
7436
891
897
17562
4764
321
4624
1060
4920
7936
346
7013
11409
11849
5323
12916
17116
161
14598
14838
1364
11128
10536
2744
5489
6723
14934
20960
18724
14185
5678
8560
21441
732
10940
17015
8505
17064
17688
12889
5825
4328
6121
15584
1142
3839
9299
6435
14868
15982
450
15021
7788
12828
2285
9204
16815
11219
16583
21322
12175
18215
19717
21419
4004
21407
15038
14727
5493
8681
18305
7133
7418
16533
7503
1299
13174
13015
1808
20399
7685
18263
19836
17056
6454
5010
10404
2232
19270
6181
17065
16434
21184
13981
19851
11229
18912
2643
14416
17549
17548
2370
11879
15415
2730
6965
3326
18883
9246
17938
16285
16889
18690
1687
378
19774
4936
14379
9340
9593
1335
21494
13810
20599
233
13223
18290
1278
6480
7933
5919
19987
7434
21397
11900
14498
12364
12777
7846
12528
543
14697
18210
16168
1285
18531
14103
4131
7583
8527
11463
17939
1099
3784
5658
7106
13102
2353
8144
605
8623
14300
8922
18852
15798
2359
5296
15673
20322
1801
14636
21049
2199
2666
10318
1085
9276
249
