19674
20152
6154
17858
13799
11162
15837
2896
14125
15157
9840
15458
20090
5490
9936
20202
21023
2525
10207
12040
19425
2981
21246
20338
1771
11046
8382
19455
9601
17955
15841
17418
8335
14713
85
17884
158
4459
19463
13134
8148
9354
804
20896
9267
20551
19052
13734
20836
13279
7155
7440
8550
16835
836
16063
14528
3674
5600
11033
14490
21077
16288
12148
18220
4063
5817
17755
14861
5157
922
3012
4639
10275
4231
15417
169
8047
11023
34
12462
3384
7692
13832
16620
12074
5006
1928
1834
6537
14294
6
4467
19980
19820
15718
7132
11027
15928
13255
13406
4649
4636
8325
20171
20601
15833
15691
11465
49
13029
17904
16079
9686
11462
11496
30
7608
13093
17729
7629
8782
12264
12610
15388
8445
19653
20579
4993
15488
19317
12900
13498
20035
18177
12392
17554
2431
16337
13325
3172
1715
9915
16650
15670
17457
3635
20179
6272
3184
15364
6921
16631
8423
21446
16565
4012
621
2898
14520
19955
11751
12845
4205
11424
3832
9644
6766
2479
3971
15570
8788
8834
10247
9120
2912
17591
12634
16943
16402
19579
18396
6760
5529
15827
15935
19570
16911
2843
6134
4150
16714
2747
2752
1540
1133
11335
2394
15836
15583
18859
11018
18150
9433
3364
9422
20613
10322
5377
5531
11543
13840
7164
1298
9610
21503
12235
7523
11654
19004
10430
3654
11558
20463
6676
17462
6535
3947
1029
5228
7471
21425
6470
374
21199
17111
1842
18503
11795
8962
1439
11939
1504
4495
11687
10248
3391
3180
10614
19994
7105
4006
5733
11280
456
16975
2345
11471
12138
13151
15188
2620
6608
20091
10622
2873
18464
4356
19647
18832
2895
16677
9626
2883
18796
7149
6779
8572
10170
7810
9885
1059
3977
20855
6967
3629
10361
397
7204
630
18400
15524
6688
8198
7052
1905
16058
12789
3084
690
10259
9428
1281
6945
18625
19730
8315
3368
6783
6507
2286
20757
10532
1973
4488
19719
6291
13842
19092
20992
9118
8343
3007
5928
11965
19808
7591
17833
15300
15899
19567
51
3397
8454
14298
21228
11302
6710
17247
6186
8660
1925
16902
7615
857
870
20196
7900
17063
19255
9311
12193
1559
3483
15651
10062
14499
20124
10521
9950
11846
13798
5912
20719
13613
12317
13020
19557
8245
6086
1918
6807
16026
2207
15010
20423
4258
2293
1171
17530
12279
9931
7711
5918
12668
17290
2067
20353
3564
1818
18186
11081
13868
4846
15227
21220
20377
19145
11636
1596
480
10832
13311
8838
18555
2279
20684
5591
1779
8142
2635
12268
5066
21112
3078
3224
5468
16405
8994
1267
2422
10179
20645
17110
11446
1526
9834
7165
14543
10837
10853
11497
9430
1768
19600
347
8725
4783
2100
10174
13696
19408
7638
18012
6338
9808
3006
17010
14021
1305
9074
8356
14674
13881
8576
6461
5371
14157
18826
17801
8270
1664
17434
1534
2415
13466
6745
3972
8286
18135
7319
31
19168
20018
10326
9752
12544
19054
3638
16525
4898
12133
17679
2780
18834
9463
18795
5225
1760
1023
20592
10175
17766
8748
10283
3852
15950
6411
3481
21207
2868
3721
10913
17036
2423
18763
12083
21092
18958
5313
3162
16136
4832
6412
10886
7024
3242
21099
7362
12141
16970
19585
17498
2665
13627
14485
673
19311
10038
20989
17967
4807
16611
13565
8900
1994
73
11138
10994
4470
15032
20155
10865
3659
11792
15915
13980
4714
7249
6703
18964
4175
14269
2882
2242
1946
19200
5805
18556
16190
16654
4308
1010
813
5960
7305
15443
5270
10835
15901
13318
4270
20789
9
4324
13271
362
560
12721
11940
5145
19242
14066
13505
4358
10056
20638
20776
21074
14953
6622
17437
9077
20830
16852
10168
11266
7131
1088
9591
10415
21144
16231
6352
10777
9990
16070
3426
9233
10938
9966
10963
14318
7350
17542
19260
2221
4315
10165
6764
9853
12241
4677
15329
3143
14566
5515
8905
15061
9906
7069
5023
4515
5053
11791
14873
2256
10833
17784
14913
6552
2417
11997
17345
10856
14478
10428
7388
21149
19236
4267
19915
18227
14542
10689
10026
4208
2090
20886
6509
16102
18783
6988
17174
4586
15967
11686
8825
17475
5987
21061
16269
1724
8219
1993
2778
4607
5710
6229
7806
10235
18297
15592
19890
6912
17160
2763
2597
15158
11417
12667
2560
18243
17532
963
14714
11130
19675
18978
9488
21408
10508
4214
14919
15978
14694
3986
6197
6763
11894
18353
18240
8024
15341
16558
15057
8014
6199
1195
14005
4116
12993
2872
7754
6528
16941
7654
9136
9123
12505
8392
19910
20167
18998
1722
9905
7044
13987
13219
17845
19693
11919
11115
19553
18528
8519
1039
16157
19222
7836
5084
1819
8118
3789
2773
5343
11480
3073
19979
19597
20586
14651
2921
187
14240
14130
19030
8471
8761
11143
8578
2025
7885
4106
20966
229
19048
18661
15633
19731
12966
13595
7904
1360
14317
2642
6037
13099
8081
1460
17890
7980
13895
440
12329
5722
8266
3020
17066
2908
18823
18633
3983
11021
10810
3320
10756
4647
5827
10425
3290
19053
10327
12734
15394
12763
19245
1663
582
11203
4990
13339
7814
970
996
19913
4684
236
4518
1157
4859
8326
296
7479
21000
12523
5452
13955
19342
75
16264
16676
1510
11716
11141
2845
20829
7269
16791
3544
10766
15794
5964
9021
13826
763
11578
19253
8975
19331
20199
13972
6158
4299
6583
17636
1261
3758
9986
6982
16785
17962
396
17018
8279
13866
2449
9829
19088
11858
18827
15579
13014
16384
19046
3392
3978
2014
17095
16615
5758
9257
12902
7646
7881
18849
8045
1449
14581
14281
1982
761
8261
238
11700
19467
7073
5037
11158
2425
7722
6746
19507
18752
15701
15610
20559
11950
4392
2750
16310
20213
20215
2583
12726
17663
2869
7544
3234
9216
9998
19551
18615
19343
15913
1897
335
6860
4975
16291
10209
10568
1489
7098
15552
7919
143
14771
11451
1441
7150
8490
6406
15160
7982
12730
12814
16489
13440
13961
8440
20982
558
16762
1542
18507
1455
3926
15957
4172
8292
9163
12450
11837
1222
3751
6080
7721
14639
2569
8811
624
9322
16302
9672
4851
18202
2585
5526
18106
15398
2005
16731
17609
2404
2819
11245
1211
10163
153
