19673
20158
6360
17763
14061
11713
15971
3304
14286
15123
10309
15425
20060
5799
10431
20208
20990
2709
10695
12561
19352
3405
21189
20312
1843
11565
8773
19365
9919
17822
15911
17302
8730
14774
156
17738
254
4913
19357
13387
8571
9609
811
20823
9542
20491
18929
13963
20763
13503
7472
7765
8925
16788
845
16128
14620
4051
5867
11527
14579
20973
16280
12601
18033
4513
6071
17582
14843
5475
912
3427
5083
10709
4678
15277
269
8414
11499
116
12852
3779
8053
14018
16526
12539
5345
2105
1908
6692
14344
2
4903
19814
19658
15603
7443
11484
15884
13430
13563
21302
5073
8680
19988
20441
15723
15557
11981
130
13207
17648
16049
9932
11976
12000
110
7934
13268
17482
7944
9103
12643
12925
15207
8760
19399
20375
5324
15275
19071
13111
13610
19797
17901
12758
17280
2551
16237
13445
3575
1736
10236
16474
15467
17202
3975
19918
6399
3584
15135
7166
16456
21412
14432
16412
4408
656
3258
14451
19676
12157
13050
4617
11855
4176
9798
6958
2633
4348
15298
9070
9117
10620
9339
3273
17262
12892
16735
16240
19234
18024
6949
5778
15586
15720
19221
16694
3168
6262
4565
16470
2999
3017
1586
1119
11694
2518
15575
15274
18451
11381
21403
9564
3733
9556
20268
10652
5599
5773
11948
13807
7409
1301
9696
17461
12552
7735
12039
18580
10729
3973
11952
20055
6823
17129
6607
4300
1030
5470
7600
3744
6532
459
20775
21348
1881
21325
12131
9199
1407
12252
1496
4872
12045
10579
3746
3560
10887
19563
7291
4351
5884
11574
522
16660
2380
11782
12414
13169
14914
2739
6661
19626
10871
3188
17963
4726
19154
18313
3218
16360
9662
3193
18276
7320
6901
21428
10421
8011
10031
1063
4309
20360
7123
3941
10628
475
7386
668
17839
15111
6738
8412
7206
1939
15665
12907
3438
729
10523
9482
1264
7095
18039
19172
8551
3703
6873
6526
2325
20230
10735
2111
4843
19144
6307
13699
18486
20425
9268
8561
3334
6055
12188
19208
7699
21003
14927
15423
18963
131
3730
8647
14110
10354
11519
6735
16775
6227
8821
1998
16441
7741
843
875
19588
8068
16579
18595
9362
12363
1584
3793
21088
10144
14221
19497
10690
10009
12079
13635
6020
20047
13464
12471
13008
18886
8387
6122
20703
6863
15504
2220
14667
19750
4595
2316
1150
16998
12415
9937
7822
6011
12748
16750
2160
21232
3859
1833
17500
11288
13647
5151
14794
10535
19661
18402
11802
1608
532
11012
13159
8935
17807
2301
19931
5693
1750
8189
2720
12368
5291
21410
3387
3549
5587
21415
9071
1240
2480
10241
19862
16495
11563
1494
9733
7223
14187
10955
10980
11609
9384
1738
18798
416
8801
5075
2172
10220
13444
18589
7621
17250
6290
9690
3300
16410
13708
1277
9132
8448
14257
13594
8666
6408
5496
20922
17989
17102
8310
1640
16761
20817
2420
13221
6674
4210
8317
17308
7375
21159
18294
19151
10380
9620
12557
18185
3904
15964
5159
12183
16983
2888
17940
9378
17917
5363
1720
984
19689
10132
17032
8779
21479
4087
15220
6318
3755
707
3094
3954
10956
16358
2418
17831
12126
3355
18019
5431
3453
15381
5085
6308
10889
6991
3541
5633
7400
12151
16266
18611
16739
20358
13293
14069
681
18330
9908
5629
17130
5045
15966
13224
8901
2086
145
11210
11048
4727
14442
20756
10824
20144
11799
21484
13576
4953
20297
6591
17964
4427
13788
20064
2218
1929
18189
5818
17566
15357
20143
4574
969
792
5915
7272
14765
5369
10773
15094
13030
4533
19738
37
4580
13004
425
577
12588
11937
5289
18184
13605
13142
4608
9862
19568
19684
9314
14331
6467
16535
9010
19854
16091
9994
11268
7078
1061
9393
10337
5878
15324
6234
10699
9723
15180
3663
9171
19943
20260
10854
13754
7290
16628
18127
2203
4558
9939
6598
9603
12140
4892
14641
3398
14035
5540
8829
14375
9624
6961
5194
4733
5219
11682
14211
2217
10711
16797
14232
6388
2372
11917
16415
20893
13914
10303
7300
18919
20833
4492
18692
17161
13976
10601
9715
4415
2139
9575
6315
15127
17605
6853
16246
4781
15044
11536
8724
16468
5897
9531
15263
1659
8109
2027
2787
4803
5665
6101
7611
9949
17168
14753
18605
6693
16218
2772
2631
14378
11299
12431
21117
17125
21104
906
14064
10960
18375
17701
9289
14981
10324
4398
14178
15008
14043
4140
6079
6530
11693
17169
20666
7909
14491
15495
14261
7891
6078
1123
13396
4278
12655
2975
7554
6302
15983
7494
8965
8943
20819
8185
18526
18794
17658
1649
9555
6857
13364
12832
16719
18307
19819
10867
20147
17243
8323
976
15079
20711
7588
20103
21113
7964
3937
2768
5353
11291
3267
18550
18196
21501
13926
3039
274
13535
13443
17634
8241
8605
10864
8404
2060
7618
4227
14183
308
17633
17291
14684
18285
12582
19861
7632
1295
13582
2644
5886
12679
7907
1369
16680
7766
21175
497
12056
5619
8076
3183
19382
2990
17395
17242
4097
10719
20814
3522
10511
4777
5724
10068
3488
17593
9914
12350
14409
12369
20946
20388
591
21360
5094
12838
7540
905
921
18354
4809
311
4648
1102
4963
8098
343
7239
11742
20013
5411
13206
17786
144
15053
15390
1394
20948
10780
2842
5595
7008
15511
3701
10446
14707
5811
8736
13117
740
11277
17675
8708
17742
18562
13189
5944
4421
6280
16336
1200
3883
9516
6645
15452
16586
20852
15715
8021
13120
2358
9374
17511
11458
17271
14463
12534
15080
20912
3567
4052
1930
15772
15248
5609
21351
12410
7401
7547
17267
7746
1353
13654
13407
21247
738
7984
19111
11320
17782
6699
5095
10733
2332
7447
6396
17810
17180
14564
14449
18810
11509
4500
21456
14996
18449
18838
2527
12223
16262
19056
7234
3381
8874
9455
17814
17073
17624
14699
1806
365
6471
5013
14962
20154
19155
1372
18876
14377
7546
216
13726
11047
1343
6816
8134
6102
14092
7574
12190
12267
15070
12784
13108
8101
20994
548
15264
1403
16948
1351
3970
14693
4203
7956
21137
11978
11352
20957
3828
5835
7411
13609
2507
8452
611
8906
14918
9223
19733
16608
2519
5401
16506
14202
1910
21139
16155
2294
2740
10728
1115
9546
228
