19683
20159
6166
17860
13812
11192
15842
2918
14140
15161
9857
15460
20097
5508
9956
20212
21027
2535
10231
12070
19426
3001
21253
20344
1776
11074
8407
19456
9619
17956
15845
17416
8360
14724
91
17885
164
4483
19465
13155
8167
9375
805
20899
9288
20550
19047
13746
20839
13297
7175
7456
8575
16839
838
16068
14537
3696
5618
11061
14497
21080
16294
12177
18216
4084
5832
17753
14866
5180
923
3034
4664
10301
4253
15416
176
8065
11051
38
12487
3408
7708
13844
16622
12103
5030
1935
1840
6548
14305
5
4491
19983
19824
15719
7147
11054
15930
13272
13422
4674
4661
8348
20174
20602
15831
15690
11493
54
13049
17902
16083
9702
11490
11524
33
7622
13112
17725
7645
8803
12292
12631
15384
8469
19655
20576
5015
15485
19313
12920
13513
20037
18170
12417
17551
2441
16340
13343
3195
1717
9930
16651
15668
17452
3656
20181
6281
3206
15358
6933
16630
8447
14494
16563
4033
625
2919
14525
19953
11776
12865
4226
11447
3851
9659
6780
2489
3992
15564
8808
8856
10270
9140
2933
17586
12653
16942
16403
19576
18385
6773
5546
15821
15934
19565
16908
2855
6143
4169
16713
2757
2762
1545
1134
11359
2398
15830
15576
18848
11041
18140
9451
3385
9440
20608
10345
5395
5548
11569
13848
7182
1300
9623
17852
12259
7536
11678
18990
10453
3675
11584
20458
6684
17453
6544
3962
1031
5247
7485
3407
6477
379
21194
17108
1847
18488
11820
8981
1436
11966
1506
4520
11711
10269
3413
3202
10634
19990
7118
4026
5745
11305
462
16971
2351
11495
12163
13165
15182
2630
6616
20084
10641
2890
18448
4378
19641
18815
2916
16673
9639
2902
18776
7167
6791
8595
10188
7824
9896
1062
3997
20847
6977
3648
10382
403
7219
634
18384
15514
6695
8211
7063
1909
16053
12806
3105
694
10280
9443
1283
6954
18607
19725
8333
3388
6795
6513
2292
20746
10551
1979
4511
19712
6298
13846
19078
20980
9134
8362
3028
5937
11988
19800
7601
17821
15288
15889
19555
55
3419
8475
14301
10187
11323
6717
17239
6193
8678
1931
16893
7625
859
872
20189
7914
17055
19239
9326
12214
1563
3503
15641
10077
21444
20114
10539
9962
11868
13797
5920
20706
13618
12338
13033
19542
8256
6093
1923
6818
16019
2212
15002
20412
4279
2299
1172
17516
12300
9942
7724
5925
12682
17278
2075
20342
3582
1822
18168
11100
13872
4868
15216
10379
20366
19127
11656
1600
485
10847
13320
8855
18534
2284
20670
5605
1782
8154
2645
12289
5087
15215
3098
3245
5480
16396
9008
1268
2430
10194
20630
17100
11464
1528
9842
7179
14539
10851
10869
11518
21196
1770
19587
352
8739
4802
2108
21222
13697
19391
7649
17996
6342
9813
3027
16999
14024
1307
9087
8372
14669
13883
21223
6465
5385
14158
18800
17783
8282
1666
17414
1536
2421
13470
6751
3990
8299
18114
7330
21386
19147
20003
10343
9758
12558
19029
21356
16511
4917
12152
17661
2791
18807
9474
18767
5241
1761
1022
20571
21050
17746
8762
10298
3867
15938
6415
3500
693
2881
3738
10927
17023
2432
18734
12100
21078
18931
5327
3182
16125
4852
20988
10900
7030
3262
5604
7372
12158
16955
21316
17479
2674
13628
14474
676
19290
10047
20967
17946
4825
16594
13566
8913
2001
79
11155
11006
4490
15018
20136
10878
3678
11809
15897
13978
4734
7259
6706
18935
4191
14262
2899
2246
1951
19175
5812
18527
16176
16638
4329
1009
815
5966
7314
15424
5284
10845
15883
21090
4288
20765
11
4344
13273
367
563
12731
11957
5162
19214
14063
13506
21234
10065
20616
20750
9439
14939
6625
17412
21039
20805
16834
10178
11281
7139
1089
9595
10429
5916
16215
6354
10784
9997
21202
3446
9242
10949
9972
10973
14310
7359
17518
19231
2225
4334
10173
6770
9856
12254
4698
15307
3159
14557
5525
8916
15043
9910
7075
5040
4534
5071
11805
14857
2260
10842
17759
14897
6555
21025
12011
17322
10866
14464
10442
7396
20101
19206
4285
19889
18198
14531
10697
10032
4224
2097
9855
6508
16086
18746
6993
17154
4603
15948
11698
8836
17448
5992
9809
16250
1725
8225
2000
2788
4623
5716
6232
7812
10244
18269
15567
19864
6915
17140
2770
2604
15136
11427
12673
2565
18212
17506
961
14701
11142
19649
18942
9494
15905
10517
4230
14901
15959
14680
4002
6200
6767
11905
18321
18209
8030
15315
16534
15036
8019
6202
1194
13998
4130
12994
2886
7760
6527
16918
7660
9144
9131
12511
8403
19880
20138
18960
1721
9904
7047
13979
13216
17816
19665
11929
11124
19521
18490
8531
1040
16135
19187
7841
5100
21105
8122
3804
2783
5354
11491
3091
19949
20962
20552
14635
2938
193
14226
14118
18991
8482
8769
11154
8590
2033
7890
4120
15009
234
19011
18622
15606
19703
12965
13586
7910
1358
14304
2650
6038
13097
8086
1458
21502
7985
13885
444
21130
5726
8271
3037
17041
2926
18780
18594
3998
11028
10811
3335
10757
4665
21438
10435
3306
19013
10336
12736
15365
12765
19207
1662
585
11213
5004
13334
7818
968
994
19879
4701
243
4536
1155
4875
8334
301
7482
12091
12526
5459
13942
19305
80
16238
16648
1509
11724
11150
2853
5713
7274
16765
3558
10765
15764
5967
9027
13811
764
11586
19213
8980
19294
20164
13958
6157
4316
6581
17602
1259
3772
9985
6981
16757
17927
402
16989
8283
13852
2455
9823
19045
11865
20672
15546
13009
16357
19002
3410
21333
2020
17067
16584
5762
9260
12898
7648
7883
18803
8048
1446
14561
20931
1986
760
8263
245
11706
19428
7074
5050
11166
21070
7725
6742
19469
18705
15669
15577
20518
20904
4407
2755
16281
20177
20180
2588
12723
17627
2880
7545
3251
9218
20876
19511
18570
19301
15880
1898
338
6861
4986
16260
10212
10572
1487
7097
15518
7922
147
14748
11454
21262
7153
8498
6401
15128
7983
12727
12811
16458
13428
13944
21349
13612
559
16730
1544
18460
1452
3935
15925
4184
8295
9166
12449
11840
1221
3764
6077
7723
14616
2573
8815
627
9323
16271
9668
4866
18158
2590
5534
18063
15362
2010
16698
17570
2403
2825
11249
1209
10157
157
