19681
20157
6173
17855
13817
11218
15834
2937
14147
15153
9869
15453
20092
5521
9971
20217
21022
2540
10251
12095
19418
3021
21255
20340
1781
11096
8428
19448
9630
17950
15838
17407
8380
14726
96
17878
168
4503
19457
13168
8180
9387
807
20892
9301
20542
19036
13750
20831
13307
7191
7467
8598
16836
840
16066
14538
3713
5631
11082
14495
21075
16293
12201
18206
4099
5841
17744
14862
5196
924
3053
4686
10319
4273
15407
181
8079
11070
40
12506
3430
7720
13849
16616
12124
5048
1940
1844
6556
14307
7
4510
19972
19815
15711
7162
11073
15924
13282
13429
4694
4682
8367
20168
20590
15819
15683
11516
58
13061
17893
16080
9710
11514
11547
35
7633
13123
17714
7658
8820
12314
12645
15374
8489
19644
20564
5033
15474
19302
12933
13518
20026
18155
12434
17541
2447
16334
13351
3213
1718
9941
16643
15658
17440
3673
20172
6286
3225
15346
6940
16623
8464
14488
16553
4049
628
21497
14519
19942
11798
12877
4243
11468
3866
9666
6789
2495
4009
15553
8823
8871
10286
9153
2951
17576
12665
16933
16395
19562
18368
6782
5558
15808
21401
19549
16898
2864
6147
4185
16706
2765
2769
1549
1132
11376
2401
15815
15562
18828
11058
18122
9460
3404
9449
20593
10362
5406
5560
11590
13847
7194
1302
21476
17837
12278
7543
11696
18968
10469
3691
11603
20443
6686
17438
6547
3976
1033
5260
7493
3428
6479
384
21181
17099
1851
18467
11838
8992
1434
11984
1505
4539
11730
10284
3434
3219
10646
21406
7125
4042
5754
11321
466
16959
2354
21384
12181
13171
15169
2636
6619
20067
10653
2905
18426
4396
19625
18789
2932
16663
9643
2917
18749
7177
6799
8610
10198
7833
9900
1064
4013
20825
6984
3665
10396
409
7230
638
18362
15497
6697
8218
7068
1911
16042
12817
3121
697
10292
21289
1284
6959
18582
19708
8346
3406
6802
6514
2297
20727
10563
1984
4529
19696
6301
13838
19057
20958
9145
8376
3045
5942
12004
19781
7606
17802
15270
15872
19533
59
3439
8491
14291
10196
11338
6719
17223
6195
8689
1934
16878
7631
860
874
20169
7924
17042
19216
9333
12227
1567
3521
15623
10084
14482
21492
10550
9968
11883
13789
5924
20685
13614
12352
13037
19520
8264
6096
1926
6824
16005
2214
14985
20391
4294
2304
1170
17495
12313
9946
7732
5930
12688
17259
2081
20320
3597
1824
18141
11111
13864
4883
15197
10390
20345
19101
11668
1602
489
10857
13317
8865
18502
2288
20647
5613
1785
8160
2652
12302
5102
15196
3115
3261
5487
16380
9016
1269
2435
10200
20604
17083
11476
1527
9839
7189
14523
10860
10877
11531
9446
1772
19559
355
8746
4816
2114
10193
13688
19366
7655
17973
6341
9810
3043
16980
14017
1309
9092
8385
14655
13875
8606
6462
5393
14148
18762
17757
8290
1667
17388
1538
2426
13463
6750
4003
8307
18085
7336
36
19116
19974
10352
9755
12563
18995
3670
16490
4930
12162
17637
2797
18769
9477
18729
5252
1759
1024
20539
10192
17718
8767
10306
3879
15916
6413
3517
696
2893
3752
10933
17001
2436
18697
12109
3113
18896
5335
3197
16106
4864
20956
10906
7032
3277
5611
7378
12168
16931
21151
17449
2679
13617
14455
678
19259
10050
5610
17919
4838
16570
13555
8920
2007
83
11168
11011
4504
14993
20105
10884
21273
11817
21152
13967
4748
7264
6704
18898
4201
14247
2911
2248
1954
19138
5815
18491
16154
16609
4343
1007
816
5969
7318
15396
5293
10848
15857
13312
4302
20731
12
4360
13264
371
566
12732
11964
5173
19178
14052
13493
4393
10066
20577
20716
9436
14915
6623
17381
9089
20770
16809
10177
11289
7141
1090
9590
10436
5914
16191
6350
10783
9999
16030
3462
9243
10952
21490
10977
14290
7363
17487
19192
2227
4349
10169
6769
9849
12260
4712
15276
3174
14534
5532
8921
15016
9903
7077
5052
4548
5082
11811
14832
2262
10840
17723
14871
6551
2424
12017
17292
10868
14441
10447
7399
20063
19165
4297
19853
18159
14507
10696
10030
4236
2103
9848
6501
16056
18702
6992
17127
4615
15919
11703
8841
17408
5993
9799
16222
1723
8224
2004
2793
4634
5718
6230
7813
10245
18231
15535
19828
6911
17113
2774
2607
15106
11428
12666
2566
18172
17470
958
14677
11146
19612
20901
9491
20907
10519
4241
14874
15927
14656
4014
21140
6759
11909
18282
18166
8031
15280
16502
15004
8020
6196
1192
13982
4139
12985
2894
7761
6521
16883
7661
21161
9128
12508
8409
19841
20098
18913
1719
9898
7043
13960
13204
17777
19624
11932
11125
19481
18444
8536
1041
16107
19141
7842
5110
1821
8121
3814
2786
5358
11494
3104
19906
21110
20507
14609
21320
198
14205
14099
18941
8488
8768
11157
8596
2038
7888
4128
14977
240
18959
18575
15568
19660
12955
13568
7908
1357
14277
2653
6034
13085
8085
1456
17817
7981
13862
448
12337
5727
8268
3051
17004
2939
18727
18545
4008
11024
10804
3347
10749
4676
5830
10434
3318
18961
10334
12725
15325
12757
19158
1660
587
11215
5012
13316
7815
966
992
19835
4713
248
4547
1153
4885
8336
305
7478
12088
12519
5460
13921
20925
86
16203
16607
1507
11725
11149
2858
5711
7275
16728
3571
10758
15728
5962
9024
13783
765
11588
19162
8976
19244
20116
13935
6149
4327
6574
17560
1257
3782
9978
6975
16720
17881
407
16949
8280
13823
2457
21017
18989
11863
18723
15505
12996
16322
18946
3424
4000
2026
17027
16543
5760
9253
12887
7641
7877
18743
8043
1442
14527
14234
1987
759
8257
250
20772
19378
7067
5059
11167
2429
7718
6734
19415
18651
15628
15534
20467
11954
4417
2754
16242
20123
20126
2589
12709
17580
2887
7538
3264
9210
9988
19458
18513
19249
21474
1895
341
6854
4992
16221
10202
10566
1484
7092
21369
7918
150
14716
11445
1431
7148
8500
6391
15089
7976
12711
12798
16419
13405
13918
8446
13587
561
16689
1543
18406
1448
3940
15878
4190
8291
9158
12440
11835
1219
3773
6070
7715
14584
2572
8809
21339
9313
16227
9654
4874
18102
2591
5533
18014
15316
2013
16656
17520
21297
2828
11244
1207
10145
162
