19482
19945
7209
17771
14255
12484
16120
3957
14486
15159
11284
15563
19749
6226
11317
19832
20777
3482
11399
12999
18967
4010
20910
19852
2140
12293
9366
18920
11060
17611
15770
17171
9308
14720
287
17397
330
5319
18774
13564
9172
10484
779
20288
10366
19809
18355
14013
20008
13653
8080
8369
9369
16529
791
15743
14452
4768
6168
12015
14405
20253
15940
12839
20954
5089
6312
17135
14643
5732
893
21319
5355
11309
5171
14926
331
8851
11793
205
12946
4322
8496
13889
16116
12652
5544
2186
2126
7293
14101
100
5253
18623
18511
14967
7938
11601
15091
13253
13348
20913
5316
9026
18679
19085
21452
14904
12089
218
13100
16934
19922
10323
12059
12084
183
8168
13092
16721
19611
9300
12624
12823
14617
19839
18043
18704
5454
14644
17702
20295
13191
18301
16922
12627
16377
2920
15076
13116
3961
1707
10370
15311
14664
16230
4433
18225
6439
19256
14390
7445
15139
8750
13867
15096
4799
612
3608
13804
17934
11983
12735
4941
11535
4643
9772
7135
19362
20669
14389
9053
9079
10534
9302
3607
20523
12573
19150
14827
17335
16596
6938
5689
14439
14512
17295
15083
3515
20642
4860
14938
3238
18591
1390
1081
11346
2646
14356
14184
16800
11209
16213
9341
21096
9334
18992
10312
5509
5567
11375
13017
7334
1220
9398
15645
11987
7558
11394
16692
19657
4189
11348
17563
6478
15107
6346
4601
20439
5394
7480
19190
6293
481
18032
14847
19251
20265
11384
19134
1280
11415
1356
4968
11336
9806
3927
3646
10258
17068
18693
4597
5616
11102
510
19232
2308
18473
11438
12416
13415
2863
6287
16988
10102
3178
15597
4823
16637
18768
3192
14335
9192
17645
15793
6864
6326
8183
9432
7534
9303
18145
4371
17196
6456
4037
9523
18081
6833
604
19487
13410
6228
7931
18190
1690
19037
11666
18613
19830
18336
8799
1105
18173
21305
16257
7940
3694
6247
6065
2192
16957
9473
1751
4780
16205
5861
12468
15395
17009
8481
7804
17615
20225
11113
21329
7115
14562
19735
13376
20692
20300
18389
17298
12604
9228
10208
6083
14168
5685
7997
1642
13969
6924
731
16831
16184
20066
20779
15113
8458
17872
18017
3671
19354
9045
12574
15864
9306
8889
10586
19618
5423
16274
11893
11094
18351
15116
7457
18380
1626
6036
13148
2112
12692
18264
4352
21037
895
14036
10882
8719
6648
5398
11199
19107
18054
15600
16976
1459
14241
9405
11728
4836
12658
19509
15432
14704
9871
1251
508
9295
18529
7596
14314
16478
16261
5244
1382
7128
2306
10462
4933
12585
3107
3170
20368
13082
7623
962
2176
8673
15286
13309
9429
18341
8353
6061
12013
9084
9091
9414
8010
1359
19478
383
16513
4654
1653
8568
17991
21201
6284
13719
16597
19594
2795
13125
11390
17700
18302
16833
20302
11337
7185
5461
5001
19411
14045
13383
16369
1239
13180
1165
2120
11104
5556
3796
6597
13501
5923
19613
14091
14481
8415
8003
9934
14012
3559
12722
4620
9465
13164
2276
13794
7572
13749
19091
16782
739
14638
8149
13136
7031
8176
3637
12343
5334
17557
550
17773
3568
8642
12809
1894
13520
18425
2627
20762
20477
2663
12324
4366
5309
8544
17930
2836
4935
5737
20494
12647
13891
12854
15697
10464
11226
545
16207
7865
4893
13002
4281
17760
18383
6691
15981
21276
14558
8451
4011
11330
13954
8235
17076
8950
11688
18787
4138
14550
5321
13181
17184
10740
2204
1618
1346
13237
16448
13013
16241
12166
3747
677
17333
5005
5524
15338
17918
20751
11430
17340
14174
14267
20005
3735
9459
363
505
9252
16375
16417
17011
17670
16400
13984
7454
13704
14793
18701
10910
5237
12319
6426
19241
16514
13896
8138
20408
16829
6890
17417
19228
11368
5115
7743
21378
11325
18522
13760
19939
7178
13531
9902
16364
19758
12859
18563
3609
16820
5233
6898
8603
3805
10673
2211
20357
4457
6094
10393
13680
5259
4048
16778
4058
8152
10101
17319
13679
11975
10089
5042
1603
17444
11532
18120
9545
7208
21063
12903
12603
17251
12827
12077
9521
7413
6602
3287
14784
6453
18966
10823
21035
15785
16811
14728
10631
17185
5874
16515
18932
17201
10796
1054
14085
1229
1749
13409
13940
4723
5344
6505
11599
9951
12567
5081
11220
17276
1625
13907
14872
13179
15067
11460
21292
606
9316
7296
19532
11895
20979
9989
6578
3132
17795
9943
9292
17732
19807
4871
17375
13007
19205
14198
16251
18255
20976
13144
4573
14095
8732
18868
20271
12847
5245
4715
15890
13386
5686
19383
14407
18144
11989
12143
21141
932
12714
4929
8601
8123
11057
11627
19185
15000
18953
11258
5379
609
13977
13657
5204
18344
1011
20001
17126
12820
3737
17527
12962
11546
19099
18972
8698
1639
310
8474
20748
11242
5285
5366
20897
15863
1101
5161
2577
12861
325
11139
10920
18821
14278
7557
7990
5142
21307
8226
1365
4040
19923
5167
741
10010
5120
14937
361
17621
15007
5181
16494
17228
1574
17630
10401
18062
18332
16027
1769
5996
2984
18002
5834
13427
10503
18659
7159
16087
12334
13121
785
434
6087
3153
7453
4867
547
11270
17273
12651
318
2662
12794
3074
18501
328
4679
17458
16450
3525
13226
10225
16977
8675
20316
734
6099
5889
16603
19040
19219
8764
11366
12469
8260
17186
12222
13115
13968
6025
21016
5168
13361
20815
10764
13898
2223
3996
16754
17237
2057
5340
14201
12376
18802
339
8654
14786
18871
1118
5272
9380
20798
16686
7947
19189
15245
9324
12846
15056
892
8501
8214
3416
11566
6264
12915
4482
9179
12649
643
13646
6951
834
17337
15389
12451
11259
17034
18441
14647
5481
1082
18829
14096
17162
16674
11117
13124
9438
9632
2181
15625
7647
13930
12780
1117
5903
11553
1232
4059
15435
11271
11784
9038
8609
8880
13729
753
11208
13270
21173
7501
13177
5240
613
16760
7138
4142
20985
17373
13715
13018
12136
17376
12654
6587
4134
17442
12483
7450
5900
6085
4289
5934
357
15392
9231
8120
12247
11405
19968
16267
9209
9836
13152
14718
14419
16255
11350
3865
6109
15217
20816
17761
18147
6876
4716
2146
16094
20606
2511
7561
18084
11503
17928
9047
888
9526
16214
542
4775
18207
16485
8734
18698
21371
4773
20349
5147
10242
2106
6493
11544
18324
19948
14111
15072
19361
20856
14169
6306
11729
14732
11313
3137
14773
16406
3569
20506
9745
16940
12752
17089
20745
464
1028
3285
18598
12698
5269
4337
16253
14671
3129
19607
5235
20790
20991
5019
19474
7563
20968
12628
1389
749
11902
8638
9402
14839
15653
13308
17165
16786
6441
10669
14686
3112
19550
11148
1661
15759
8342
14698
388
9616
6685
13126
12515
21115
8074
8972
9818
21168
14351
2867
14415
13287
20938
6432
8009
15999
7306
21267
354
21500
4149
20708
4027
4162
589
6092
21286
10752
17734
10651
538
15230
4862
18027
8729
8740
14078
4699
2522
12383
17974
12888
11318
15646
15330
17038
19504
5156
5744
7996
10589
5421
11921
20418
5255
15366
15565
11702
21352
14515
15023
16822
4196
16853
7957
10448
17151
7580
5704
15801
17632
14369
1334
11076
16064
13570
9472
17022
18596
18680
5187
11131
16501
3134
14703
9293
11314
3596
8058
1865
13043
8987
14751
12322
14890
4211
2538
6320
4372
5849
7605
18635
279
10166
5445
5779
5505
12615
20879
21083
1187
9890
20452
11401
14172
20203
5208
5763
16964
17638
14200
8386
17343
5541
554
12382
9628
16416
12346
6177
14907
19545
19876
4628
2748
1159
13949
15327
9918
7463
17253
19601
11351
14163
20872
19431
16356
9377
12215
18566
12170
18612
13329
7943
11069
9720
16818
18239
21331
17096
14280
8679
6378
8705
16582
12565
17832
17328
15387
3974
8324
18557
17217
11410
6503
11088
9148
13071
3705
1263
9060
14487
9775
12803
8156
1480
14596
14710
7524
9222
5297
1573
17024
13259
2526
13933
16170
20284
12513
7553
7253
5507
15097
617
4496
18844
7969
5410
5624
9000
13524
8581
8117
8071
2451
19380
17121
13303
5606
14922
16967
14250
533
15629
5265
18703
9177
4187
18117
4650
5248
525
15470
10958
3441
13016
13235
12107
2514
14501
4945
9382
10598
12495
13394
3900
19903
15602
18466
17175
17932
19381
12238
20449
9367
18342
14995
13080
10670
19248
4771
12424
7535
13484
14227
13086
14910
2182
672
10127
21020
8532
17959
17117
13598
12864
17546
13274
6074
16840
19472
11340
9635
11632
8033
13041
5563
5990
13186
3760
16872
14729
17377
5416
13656
19871
6072
671
16486
14940
20704
942
19638
724
13000
2194
20676
504
12547
8946
12564
18000
11264
16161
11053
18775
12635
5621
14156
5566
9063
14951
5798
20486
4118
12236
11564
13382
16938
3644
14708
19713
465
17303
12182
21230
5488
2550
20600
14121
13011
7476
20971
15223
12890
6300
11472
10232
5530
17118
14087
3642
12989
13006
12992
11498
20575
14070
21128
15066
15239
1395
6416
19572
20108
7473
7425
12660
14749
8853
12420
6129
14436
14946
15015
14034
14776
17209
2202
12873
15921
5011
20981
2228
17144
13768
14283
13741
12286
7564
5898
14348
18750
20493
3029
17894
5417
14040
5550
3620
14675
1330
15494
772
6208
18493
14119
13672
1809
7427
793
20387
18443
11295
14207
18181
9606
17995
18069
14544
12455
15103
19194
17106
19715
2122
11212
5273
7460
13349
1235
5870
8136
