19724
20207
6275
17861
13959
11429
15888
3080
14239
15184
10035
15479
20121
5652
10130
20245
21033
2619
10471
12321
19419
3176
21258
20356
1810
11329
8617
19464
9738
17947
15882
17409
8565
14777
129
17876
210
4680
19470
13290
8349
9528
824
20894
9420
20530
19026
13834
20821
13425
7326
7577
8745
16860
852
16133
14618
3864
5749
11310
14580
21055
16329
12408
18176
4252
5935
17720
14896
5333
930
3204
4850
10525
4450
15401
220
8195
11297
65
12664
3587
7857
13965
16642
12330
5206
1995
1878
6640
14359
18
4681
19958
19799
15698
7298
11296
15960
13392
13522
4858
4845
8542
20148
20562
15813
15664
11719
89
13173
17848
16123
9797
11710
11753
60
7758
13227
17672
7781
8967
12486
12818
15348
8652
19620
20510
5191
15448
19266
13059
13596
19996
18095
12593
17502
2510
16344
13435
3366
1739
10080
16644
15630
17389
3821
20133
6361
3375
15313
7034
16610
8627
14533
16544
4183
655
3070
14572
19893
12001
13005
4413
11652
3987
9743
6887
2546
4146
15519
8961
9004
10467
9281
3085
17514
12821
16914
16383
19502
18278
6881
5663
15760
15910
19493
16871
3002
6231
4340
16693
2848
2852
1577
1139
11550
2475
15763
21259
18711
11262
18040
9554
3562
9547
20500
10531
5503
5662
11767
13916
7307
1321
9705
17758
12441
7616
11884
18866
10624
3831
11774
20365
6761
17358
6609
4114
1049
5373
7573
3576
6534
423
21085
17060
21382
18347
12019
9100
1433
12145
1518
4692
11906
10441
3579
3363
10775
19883
7232
4167
5842
11473
501
16907
2381
11665
12333
13233
15101
2702
6667
19978
10778
3036
18298
4544
19525
18645
3059
16599
9706
3047
18604
7276
21237
8720
10335
7942
10000
1075
4137
20722
7064
3800
10545
445
7327
659
18236
15418
6758
8330
7168
1945
15996
12909
3260
719
10438
9532
1293
7028
18433
19596
8472
3553
6880
6573
2334
20611
10681
2056
4675
19581
6343
13837
18897
20818
9239
8497
21473
6019
12142
19671
7683
17671
15191
15766
19388
93
3578
21466
14275
10317
11469
6792
17136
6256
8790
1970
16794
7710
869
885
20039
8008
16961
19073
9395
12361
1588
3647
21210
10155
14435
19946
10662
10053
12026
13767
5998
21324
13622
12466
13089
19364
8374
6141
1961
21265
15918
2244
14912
20255
4440
2336
1168
17347
12426
10022
7799
6001
12786
17149
2136
20184
3718
1848
17990
11265
21440
5007
15088
10515
20206
18907
11790
1617
517
10967
13345
8952
18314
2322
20464
5682
1800
8212
2704
21418
5215
15082
3244
3389
5568
16282
9088
1273
2487
10300
20421
16974
11589
1539
9874
7257
14444
10959
10978
11638
9496
1784
19368
387
8837
4949
2158
10291
13661
19183
7717
17794
6372
9830
3164
16845
14003
1319
9173
8478
14602
13820
8692
6475
5463
14109
18541
17588
8375
1674
17231
1557
2481
13448
6804
4113
8390
17909
7403
21337
18887
19786
10456
9762
12618
18764
3788
16368
5046
12250
17456
2857
18537
9520
18498
5337
1757
1026
20335
10267
17534
8844
10395
3967
15747
6430
3634
716
21226
21426
11013
16844
2484
18462
12192
3237
18639
5412
3325
15975
4978
6429
10983
7080
3400
5669
7431
12245
16776
19312
17257
2719
13577
14367
691
19022
10095
5668
17699
4957
16426
13516
8986
2063
119
11272
11087
4626
14860
19873
10954
3803
11908
15693
13923
4863
7321
6712
18617
4318
14173
3016
2269
1983
18877
5859
18247
16007
16447
4465
1000
823
6012
7366
15221
5365
10908
21350
13275
4429
20469
22
4478
13231
405
581
12772
12042
5257
18900
13995
13442
4508
10097
20325
20448
9437
14780
6631
17183
9124
20487
16621
10218
11358
7187
1095
9585
10510
5943
16028
6349
10822
10016
15828
21132
9279
11004
9967
11034
14189
20781
17255
20614
2243
4464
10190
20986
9819
12311
4822
20903
3291
14396
5579
21472
14848
9884
7107
5152
4660
5182
11880
14700
2280
10872
17477
14730
6540
2458
12069
17088
10905
14325
10509
7430
19788
18858
4420
19583
17905
14368
10724
10037
4346
2141
9807
6482
15840
18395
6998
16903
4730
15686
11760
8875
17181
21006
9763
16033
1705
8223
21024
2837
4750
5756
6242
7835
10272
17951
15305
19529
6922
16873
2812
2641
14920
11466
12650
2609
17899
17214
945
14522
11202
19300
18560
9471
15632
10569
20474
14711
15677
14483
4101
6184
6747
11949
17987
17879
8056
15068
16287
14815
8034
6185
1182
13836
4225
12945
2983
7769
6488
16664
7639
9157
9133
12503
8432
19522
19783
20415
1701
9850
7036
13808
13130
17485
19291
11973
11132
19153
18123
8580
1035
15858
18781
7848
21323
1817
8124
3896
2824
5404
11506
21409
20480
19186
20193
14414
3041
231
14075
13986
18569
8526
8775
11182
8631
2077
7893
4209
21458
280
18581
18234
15302
19308
12906
20787
7916
1345
14124
2684
6044
13019
8084
1420
17501
7987
13706
478
12332
21423
8244
3146
16742
3024
18359
18192
4083
11020
10791
3449
10737
4770
21124
10451
3420
18567
10330
12670
15071
12701
18761
1646
600
11239
5090
13203
7800
948
979
19466
4801
284
4633
1141
4965
8328
329
7462
12082
12488
5483
13735
18854
120
15942
21306
1486
11720
11123
2909
5723
7271
16442
3657
10734
15427
5947
9011
13636
773
11567
18745
8968
18830
19746
13739
6125
4422
6525
17225
1243
3861
9892
6943
16429
17524
438
16665
8238
13655
2483
9729
18564
11850
18320
15212
12910
16043
18524
3516
4066
2062
16729
16265
5772
9225
21243
7593
7859
18331
8018
1406
14319
14062
2011
770
8210
285
11674
18940
7029
5126
11120
2414
7680
6673
18983
18244
15304
15225
20052
11928
4499
2766
15952
19729
19732
2612
12625
17218
2945
7502
3354
9181
9887
19025
18100
18793
15509
1890
366
6821
5056
15908
21485
10548
1465
7055
15150
7886
185
20842
11407
1399
7116
8485
6336
14810
7950
12620
12696
16129
13242
13703
8421
13416
574
16365
1521
17994
1408
3988
15532
21416
8222
9102
12385
11789
1206
3845
6049
7650
14333
2575
8766
639
9265
15895
9565
4939
17685
2610
5522
17600
15012
2044
16320
17150
2385
21216
11216
1190
10074
199
