19700
20192
6331
17808
14053
11663
15972
3274
14285
15143
10228
15437
20089
5786
10372
20231
21026
2708
10657
12530
19375
3358
21215
20337
1857
11529
8741
19397
9882
17887
15923
17336
8711
14782
151
17788
246
4880
19394
13372
8543
9602
825
20869
9529
20526
18976
13952
20799
13495
7451
7728
8898
16819
849
16144
14629
4017
5853
11483
14593
20998
16306
12571
18068
4472
6058
17625
14863
5450
914
3386
5039
10679
4637
15312
258
8359
11453
109
12835
3749
8002
14019
16568
12498
5326
2101
1912
6687
14353
29
4870
19857
19718
15626
7419
11443
15954
13424
13562
5041
5029
8664
20032
20483
15753
15587
11930
126
13215
17707
16088
9917
11923
11972
98
7892
13267
17553
7930
9078
12622
12912
15244
8747
19499
20437
5311
15322
19140
13114
13620
19855
17966
12738
17338
2552
16268
13452
3545
1741
10205
16522
15521
17258
3953
19982
6395
3555
15206
7145
16499
8718
14457
16446
4369
664
3232
14480
19757
12137
13052
4594
11812
4153
9786
6942
2637
4314
15361
9055
9095
10609
9337
3250
17330
12893
16781
16284
19307
18087
6935
5768
15635
15768
19293
16748
3156
6265
4537
16524
2991
3000
1591
1122
11677
2523
21281
15340
18539
11370
17835
9579
3709
9570
20347
10642
5594
5761
21218
13876
7383
1308
9712
17556
12541
7688
12028
18660
10718
3952
11927
20160
6826
17187
6621
4275
1048
5456
7598
3722
6565
455
20877
16886
1904
18126
12128
9196
1412
12243
1502
4853
12032
10575
3727
3534
10862
19670
7292
4330
5885
11571
520
16734
2402
11779
12413
13192
14966
2742
6678
19747
10858
3177
18047
4705
19261
18416
3200
16430
9679
3187
18369
7324
6908
8774
10416
8005
10045
1067
4291
20471
7127
3922
10630
473
7382
667
17976
15204
6809
8405
7211
1977
15756
12924
3415
728
10528
9518
1276
7102
18152
19281
8549
3690
6897
20951
2348
20328
10739
2107
4824
19268
6329
13727
18602
20566
9278
8562
3322
21344
12198
19329
21376
17363
14989
15530
19108
21240
3712
8658
14154
21467
21439
20802
16887
6251
8831
2034
21045
7740
856
880
19723
8067
16708
18735
9376
12381
21042
3775
15243
10164
14292
19635
10703
10055
12086
13665
6030
20226
13511
12489
13040
19039
8406
6136
1985
6879
15611
2247
14721
19872
4582
2338
1154
17104
12442
9977
7827
6027
12781
16865
2165
19803
3838
1852
17626
11301
13694
5141
14865
10573
19811
18546
11831
1616
531
11010
13214
8956
17972
2319
20096
5705
1790
8204
2736
12399
5290
14845
3374
3536
5597
16046
9094
1246
2516
10302
20028
16668
11595
20935
9789
7242
14258
10969
11005
11639
9412
1752
18974
410
8832
5057
2177
10252
13512
18760
7671
17390
6316
9735
3292
16505
13764
1282
9174
8477
14347
13658
8686
6437
5500
21385
18139
17208
8338
1650
16909
1522
2485
13291
6718
4202
21321
17492
7404
21449
18454
19316
10423
9657
12581
18334
3892
21231
5153
12219
17112
2946
18107
9409
18066
5378
21157
991
19867
10189
17158
8816
10356
4068
15353
6374
3742
713
3103
3945
20455
16469
2503
18021
12153
3352
18201
5442
3443
15547
5079
6370
10935
7022
3527
5654
21280
12197
16414
18836
16890
2738
13381
14136
685
18521
9960
5647
17256
5043
16104
13310
8924
21296
140
11241
11068
4732
14606
19341
10883
3894
11882
15266
20397
4954
7267
6634
18143
4426
13957
3106
2253
20640
18366
5847
17756
15542
16113
4576
975
796
5961
7322
14878
5390
10821
15236
13101
21047
19929
32
20620
13062
428
579
12636
11995
5299
20848
13684
13217
4609
9929
19773
19892
9345
14438
6515
21054
9059
19934
16232
10099
11307
7122
1069
9447
10406
5894
15529
6276
10742
9820
15333
3664
9205
10909
9777
10928
13943
7339
16806
20334
2215
4568
10069
6650
9650
20737
4894
14741
3394
14114
5561
8884
14492
9691
7009
5200
4740
5222
11768
14339
20129
10771
17017
14362
6434
20902
11994
16581
10781
14051
10378
7365
19167
18273
4498
18952
17321
14081
10649
9815
20139
2150
9629
6387
15296
17823
6914
16420
4805
15200
11618
8771
16695
5932
21396
15478
1683
8143
2076
2860
4817
5714
6135
7733
20016
21166
14888
18881
6825
16386
2799
2654
14546
11354
12531
2602
17289
16715
913
14161
11065
18618
17968
9335
15114
20834
4412
14311
15151
14137
4147
6104
6603
11794
17348
17269
7955
14683
15725
14400
7945
6103
1146
13517
4293
12776
3015
7595
6375
16169
7525
9029
9009
12336
8258
18822
19086
17931
1679
9625
6931
13489
12913
16945
18578
11786
10992
18434
17490
8431
987
15254
18089
20977
5212
1766
8016
3943
2790
5383
19778
3284
18851
18446
19437
14071
3097
267
20661
13581
17923
8329
21256
11003
8483
2095
7748
4260
14332
304
17924
17559
14823
18547
12678
13131
7755
1312
13705
2675
5917
12802
7960
1378
20376
7858
13363
496
12134
5664
8115
3211
16193
3040
17662
17504
4111
10801
20997
3531
10604
4811
5784
10162
3495
17877
10071
12470
21365
12491
18029
1627
595
11016
5119
12936
7594
911
939
18655
4839
307
4673
1108
4985
19829
342
7337
11897
12263
5440
13368
18071
21504
21191
15662
20937
11482
10901
2885
5630
7117
15784
3715
10588
14876
5863
8840
13236
744
11355
17984
8776
18041
18901
13362
6035
4449
6348
16541
1217
3895
9611
6737
15739
16862
457
16055
8095
13251
2383
9468
17798
11581
17564
14696
12626
15285
17752
3570
4080
2049
16112
20728
20216
19694
12543
7455
7607
19273
7849
1366
13813
13579
1937
742
8069
19395
11411
18088
6858
5127
10839
2363
7497
6463
20945
17451
14747
14688
19161
11637
20077
20232
20806
18812
19173
21164
12353
16497
2900
7341
3403
21389
9584
18137
17297
17965
14879
20587
372
6586
5054
15152
9744
10226
1383
6859
14619
7610
213
13994
11170
1361
6910
8192
6167
14254
7729
12328
20502
15291
12899
13248
8155
13022
551
15578
1462
20963
19233
3989
19146
19584
8061
8885
12096
11478
1148
3856
5888
7468
13773
2534
8583
614
9022
19760
9310
4923
16937
2545
5443
21373
14398
1943
15512
16393
2337
2782
10844
1126
9651
223
