19702
20190
6211
17868
13857
11290
15855
2979
14180
15168
9912
15463
20111
5565
10021
20236
21034
2557
10315
12169
19427
3067
21257
20355
1793
11178
8486
19459
9671
17961
21498
17413
8435
14750
107
17889
182
4559
19468
13210
8217
9424
810
20891
9348
20546
19038
13775
20835
13356
7233
7505
8650
16849
844
16090
14570
3759
5666
11152
14521
21081
16313
12270
18211
4144
5872
17750
14880
5239
926
3096
4741
10383
4326
15413
194
8119
11136
46
12566
3478
7764
13887
16632
12195
5103
1957
1858
6580
14334
10
4567
19976
19821
15717
7207
11137
15945
13323
13462
4749
4738
8420
20186
20591
15822
15687
11582
66
13105
17898
16095
9739
11579
11612
42
7673
13161
17710
7691
8870
12377
12697
15373
8545
19650
20558
5086
15473
19298
12977
13545
20023
18148
12490
17544
2470
16346
13384
3259
1729
9984
16657
15659
17435
3719
20185
6311
3272
15343
6966
16629
8522
14504
16556
4090
636
2977
14545
19935
11861
12923
4290
11533
3903
9697
6822
2513
4053
15550
8872
8915
10342
9194
2989
17573
12716
16936
16404
19558
18349
6814
5590
15799
15939
19543
16899
2907
6172
4229
16712
2792
2798
1558
1136
11426
2413
15806
15559
18804
11110
18104
9499
3455
9485
20574
10412
5438
21294
11644
13873
7231
1310
9661
17825
12340
7571
11756
18947
10518
3732
11657
20429
6705
17422
6567
4024
1036
5298
7519
3474
6492
394
21163
17101
1862
18439
11896
9034
1429
12041
1512
4584
11781
10333
3479
3266
10687
19957
7161
4081
5783
11372
477
16954
2366
11568
12233
13198
15154
2659
6638
20049
10693
2947
18398
4441
19610
18758
2972
16661
21471
2960
18717
7210
6827
8651
10240
7863
9927
1068
4054
20801
7007
3706
10449
420
7261
644
18333
15482
6714
8247
7100
1921
16034
12853
3161
704
10339
9481
1287
6983
18549
19692
8388
3457
6828
6529
2312
20700
10606
2003
4575
19677
6317
13854
19020
20930
9180
8418
3083
5970
12052
19761
7627
17778
15251
15862
19508
67
3485
8535
14299
10234
11382
6733
17206
6219
8722
1947
16863
7659
863
878
20145
7952
17030
19184
9359
12277
1575
3561
15605
10109
14472
20061
10593
10001
11931
13792
5948
20652
13630
12394
13063
19490
8303
6114
1938
6845
15992
2224
14969
20361
4339
2317
1169
17468
12360
9969
7757
5951
12720
17235
2099
20292
3633
1832
18103
11169
13874
4924
15174
10433
20311
19062
11714
1609
499
10896
13337
8897
18457
2302
20609
5640
1792
8182
2671
12347
5140
15172
3152
3302
5511
16363
9046
1271
2453
10233
21357
17062
11523
1532
9858
7216
14514
10899
10914
11573
9469
1778
19519
364
8778
4857
2131
10227
13690
19326
7677
17937
6357
9821
3079
16953
14025
1313
9115
21387
14645
13879
8641
6469
5419
14144
18710
17716
8319
1671
17350
1548
2444
13471
6768
4041
8339
18044
7358
21370
19068
19930
10388
9765
12589
18943
3707
16463
4964
12200
17601
2816
18712
21271
18674
5281
1764
1020
20490
10223
17677
8795
10340
3907
15885
6422
3554
702
2931
3790
10965
16972
2452
18641
12144
3149
18841
5362
3235
16078
4906
6421
10936
7045
3314
5635
7398
12203
16894
19486
17398
2695
13616
14434
682
19204
10070
5634
17873
4878
16532
13551
8944
2028
95
11205
11043
4546
14964
20051
10912
3726
11853
15826
13964
4785
7286
6711
18839
4238
14233
21195
2257
1965
19081
5833
18429
16124
16571
4384
1005
818
5985
7338
15352
5318
10875
15805
13314
4341
20673
15
4399
13262
381
571
12753
11998
5203
19119
14044
13488
4430
10081
20511
20656
9450
14885
6628
17331
9106
20707
16772
10191
11319
7160
1092
9597
10466
5931
16158
6359
10800
10012
15993
3501
9262
10976
21340
10998
14271
7379
17428
19131
2234
4387
10185
6778
9852
12288
4751
15234
3210
14505
5553
8941
14975
9911
7087
5088
21224
5117
11842
14801
2270
10863
17668
14835
6553
2440
12044
17241
10890
14412
10474
7412
19999
19097
4336
19791
18092
14468
10713
10042
4269
2118
9845
6499
16014
18629
7000
17080
4651
15870
11733
8861
20947
6005
9794
16181
1728
8233
2023
2810
4671
5736
6239
7826
10263
18161
21165
19764
6918
20996
21283
2621
15065
11449
12676
2578
18098
20871
954
20959
11179
19535
18819
9501
15809
10541
4274
14831
15874
14624
4045
6206
6765
21433
18214
20718
8042
15231
16452
14960
8032
6207
1189
13962
4165
12986
2927
7771
6518
16828
7669
9155
9141
12520
8429
19771
20020
18835
1713
9891
7049
13938
13195
17704
21291
11953
11151
19398
18365
8559
1043
16052
19063
7851
5138
1826
8130
3841
2803
5376
11512
3136
19833
19438
20428
14577
2980
209
14177
14076
18857
8511
8780
11183
8615
2053
7897
4155
14929
253
18873
18485
15507
19582
12950
13544
7920
1354
14243
2667
6042
13077
8093
1451
17740
7992
13824
458
12354
5739
8275
3081
16939
2967
18638
18453
4038
11036
10809
3376
10753
4709
5839
10454
3350
18870
10349
12729
15262
12761
19070
1657
592
11233
5038
13294
7820
960
988
19756
4746
261
4578
1149
4914
8345
313
7477
12099
12525
5472
13893
19166
97
16146
16538
1501
11738
11171
2874
5720
7283
16666
3600
10761
15657
5971
9031
13745
767
11600
19069
8984
19149
20021
13905
6146
4359
6570
17478
1253
3809
21051
6972
16655
17797
417
16875
8281
13779
2468
9791
18888
11875
18626
15433
12981
16256
18847
3458
4025
2040
20965
16473
5769
9254
12876
7635
7878
18642
8046
21227
14466
14193
1997
757
8252
262
11712
19282
7061
21355
11180
20732
7716
6725
19321
18548
21308
15459
20370
11962
4444
2761
16175
20460
20024
2600
12699
17493
2910
7532
3293
9208
9974
19358
18410
19142
15757
1899
349
6852
5016
16153
10195
10574
1479
7090
15397
7917
160
14660
20812
1421
7144
8512
6382
15022
7973
20389
12787
16348
13377
13878
8456
13547
565
16600
1547
18304
1438
3955
15788
4213
8289
9156
12435
11841
1216
3798
6066
7707
21434
2579
8807
629
9304
16156
9634
4899
18009
20390
5539
17920
15237
20858
16566
17415
2399
2838
11252
1203
10131
173
