19734
20204
6294
17842
14007
11526
15917
3150
14265
15192
10107
15480
20107
5690
10214
20240
21011
2656
10552
12401
19402
3243
21235
20341
1831
11396
8669
19435
9773
17933
15903
17391
8634
14789
137
17844
222
4756
21454
13347
8411
9559
826
20868
9462
20522
19010
13912
20803
13459
7367
7599
8813
16859
851
16149
14633
3913
5790
11377
14600
21036
16331
12476
18146
4323
5981
17697
14903
5380
919
3271
4921
10596
4521
15386
232
8243
11363
76
12754
3643
7911
13999
16635
12402
5254
2042
1888
6653
14370
21
4754
19927
19784
15675
7333
11357
15970
13413
13543
4925
4912
8594
20109
21421
15797
15643
11797
104
13201
17813
16130
9831
11788
11825
68
7789
13254
17643
7809
9012
12551
12860
15326
8693
19593
20484
5238
15426
19229
13094
13611
19950
18060
12639
17466
2530
16328
13457
3435
1744
10123
16604
15601
17349
3876
20086
6376
3444
15290
7081
16585
8667
14536
16519
4247
657
3130
14569
19856
12064
13036
4475
11722
4050
9759
6902
2563
4197
15490
9002
9042
10527
9312
3141
17473
12858
16881
16366
19436
18232
6896
21483
15730
15887
19424
16832
3064
6250
4404
16672
2892
2903
1587
1127
11610
2501
21171
15483
18657
11312
17997
9569
3614
9562
20451
10590
5547
5687
11828
13928
7332
1323
9714
17691
12482
7634
11944
18809
10661
3880
11839
20301
6796
17310
6614
4161
1051
5413
7582
3624
6557
433
21001
17019
1885
18287
12071
9135
1425
12194
1517
21342
11977
10491
3628
3425
10814
19831
7251
4222
5864
11528
509
16858
2390
11726
12384
13239
15069
2722
6670
19901
10816
3090
18233
4598
19434
18576
3110
16548
9704
3099
18533
7297
6891
8744
10377
7962
10018
1076
4181
20651
7089
3850
10594
454
7346
661
18153
15354
6784
8365
7188
1958
15968
12930
3315
723
10482
9538
1288
7041
18350
19510
8509
3604
6885
6576
2343
20501
10706
2078
4735
19494
6340
13816
18817
20741
9264
8539
3229
6032
12179
19586
7690
17603
15120
15709
19314
105
21089
8644
14248
10355
11508
6803
17074
6260
8818
1988
16743
7730
864
884
19932
8028
21179
18973
9396
12390
1593
3698
15442
10176
14403
19859
10682
10064
12061
13744
6013
20430
13597
12485
13087
19274
8395
6144
1971
20995
15829
2251
14850
20140
4494
20943
1163
17275
12454
10027
7807
20840
12805
17078
2151
20059
3763
1853
17906
11294
13795
5055
15033
10542
20076
18806
11830
1620
523
10989
13315
8963
18221
2330
20364
5696
1803
8216
2721
12429
5249
15025
3295
3447
5585
16225
9093
1262
2505
10316
20310
16869
11614
1550
9866
7258
14402
10981
10996
11658
9475
1777
19265
398
8850
4987
2168
10299
13639
19067
7703
17674
6364
9811
3212
16764
13975
1306
9182
8494
14540
13769
8702
6455
5484
14080
18423
17471
8384
1670
17152
1561
2496
13419
6801
4148
8400
17775
7405
21299
18759
19678
10470
9737
12619
18620
3829
16283
5091
12258
17327
2891
18411
9492
18373
5357
1754
1013
20227
10265
17405
20715
10398
4007
21313
6405
3679
717
3048
3899
11039
16753
2500
18328
12199
3281
18514
5429
3359
15854
5014
6403
10990
7072
3450
5680
7432
12246
16690
19176
17166
2731
13530
14312
689
18878
10083
5677
17584
4989
21266
13475
8973
2079
128
11283
11090
4666
14790
19754
10944
3840
11920
15585
13821
4905
7312
6679
18484
4362
14115
3055
2271
1990
18715
5862
18099
21170
16355
4512
993
803
6008
7360
15110
5381
10897
15555
13229
4469
20317
25
4523
13184
411
583
12750
12049
5278
18741
13932
13395
4551
10072
20183
20296
9410
14705
6601
20882
9104
20339
16500
10181
21363
7170
1084
9568
10505
5921
15907
6324
21052
9953
15689
3617
9266
20726
9928
11029
14122
7387
17145
18722
2239
4505
10158
6732
9779
12290
4849
14994
3329
14327
5584
8936
14766
9843
7088
5176
4696
5201
11871
14621
2281
10846
17317
14649
6502
2456
12065
16960
10879
14235
10495
7414
19627
18667
4451
19376
17719
14287
20940
9979
4377
20796
9764
6450
15678
18238
6964
16768
4763
15554
11743
8858
17054
20462
9718
20472
1698
8197
2070
2856
4778
5757
6213
7802
10230
17769
15187
19332
6899
16746
2829
21468
14808
11439
12623
2618
17703
17087
937
20854
11177
19118
18377
9416
21192
10553
4375
14622
15531
14383
4123
6163
6689
11935
17800
17689
8025
14954
16179
14719
8012
6162
1176
13737
4255
12904
3009
7738
20299
16493
7597
9108
9097
12480
21431
19310
19592
18371
1694
9782
7004
13717
13074
17304
19104
11943
11106
18934
17960
8557
1016
15671
18568
20800
5205
1813
8103
3916
2832
5409
11475
3239
19349
18969
19964
14324
3069
244
13997
13853
18374
8493
8749
11121
8608
2087
7864
4234
14673
288
18379
18037
15145
19106
21180
13374
7882
1339
14049
2692
6024
12958
8066
1405
17307
7958
13624
486
12284
5731
8201
3175
16551
3049
18167
18001
4098
10985
10755
3486
10702
4792
5819
10397
3459
18361
10281
20653
14944
12642
18535
1641
599
11201
5109
13127
7759
938
972
19237
4818
292
4655
1124
4981
8272
333
7439
12054
12452
5474
13648
18608
20509
15716
16198
1476
11662
11086
2934
5701
7225
16278
3684
10692
15255
5908
8969
13526
752
21496
18512
8919
18585
19496
13649
6098
4438
6457
17059
1236
21107
9803
6906
16259
17311
443
16465
8186
13549
2473
9655
18339
11800
18101
15048
12849
15817
18296
3542
4078
20280
16516
16115
5748
9184
12751
7551
20274
18113
7986
1391
14186
13947
2008
750
8166
293
11620
18678
6971
5133
11072
2405
21411
6633
18713
18022
20914
15051
19805
11886
20446
2753
15704
19432
19433
2614
12568
17044
2955
7459
3377
20416
9785
18747
17888
18530
15303
1882
368
6729
5065
15663
20846
10498
1450
6987
20367
7832
197
14320
11367
1385
7056
8424
6292
14678
7903
12559
12617
21451
13139
13585
8361
13299
556
16194
1499
17747
1392
3999
15319
4263
8170
9052
12301
11723
1193
3860
6018
21091
14188
21198
8723
620
9200
20623
9484
4946
17454
2598
5502
17342
14834
21347
21400
16947
2373
20279
11108
1177
9948
208
