19705
20194
6223
17863
13888
11326
15860
2997
14195
15170
9933
15465
20113
5580
10046
20238
21032
2567
10353
12206
19421
3088
21251
20351
1797
11214
8523
19451
9689
17957
15859
17403
8466
14757
113
17882
186
4585
19461
13230
8239
9452
812
20889
9368
20541
19024
13786
20832
13373
7252
7521
8674
16850
846
16096
14582
3781
5679
11197
14541
21072
16316
12304
18197
4164
5882
17741
14882
5258
927
3117
4765
10410
4353
15409
200
8139
11186
48
12591
3504
7782
13904
16634
12224
5125
1964
1863
6592
14343
4
4590
19967
19816
15712
7226
11187
15947
13344
13479
4772
4761
8444
20182
20582
15816
15681
11615
70
13122
17883
16098
9750
11611
11641
44
7689
13178
17698
7709
8892
12404
12733
15368
8570
19639
20545
5108
15469
19287
13001
13561
20012
18134
12517
17531
2478
16345
13398
3283
1732
10008
16653
15650
17420
3739
20166
6319
3294
15336
6985
16626
8547
14511
16550
4109
640
2994
14551
19924
11892
12940
4313
11561
3919
9709
6836
2520
4073
15543
8891
8938
10368
9214
3008
17561
12747
16928
16398
19541
18329
6829
5602
15787
15931
19530
16891
2924
6180
4250
16710
2801
2806
1564
1137
11457
2419
15792
15549
18778
11140
18086
9514
3475
9506
20561
10444
5449
5603
11670
13886
7246
1314
9674
17809
12365
7581
11780
18924
10544
3753
11681
20414
6715
17399
6577
4044
1037
5312
7531
3496
6496
400
21138
17091
1866
18417
11924
9051
1428
12063
1514
4605
11807
10359
3502
3286
10708
19936
7180
4100
5792
11395
482
16946
2369
11598
12257
13209
15142
2669
6644
20034
10712
2963
18372
4462
19595
18728
2987
16649
9680
2974
18688
21390
6837
8670
10262
7875
9940
1070
4072
20783
7016
3725
10473
426
7278
648
18308
15468
6721
8262
7111
1927
16024
12867
3179
708
10363
9498
1289
6994
18520
19669
8410
21252
6838
6533
2318
20679
10625
2016
4596
19656
6321
13851
18988
20906
9195
8437
3101
5979
12072
19743
7637
17754
15240
15847
19485
71
3505
8556
14297
10255
11402
6739
17191
6225
8737
1953
16847
7672
865
879
20122
7963
17016
19159
9370
12298
1579
3580
15589
10119
14465
20041
10610
10011
11955
13787
5954
20627
13632
12412
13070
19462
8318
6118
1944
6856
15979
2229
14957
20332
4365
2321
1174
17441
12379
9983
7770
5957
12744
17216
2109
20270
3650
1836
18075
11194
13869
4942
15149
10457
20287
19021
11739
1611
503
10915
13342
8911
18422
2307
20570
5648
1795
8190
2678
21238
5155
15146
3169
3321
5518
16349
9057
1266
2461
10250
20525
17045
11539
1531
9863
21160
14503
10916
10929
11596
9478
1780
19489
369
8792
4877
2138
10239
13683
19292
7684
17910
6358
9825
3095
16929
14020
1315
9127
8434
14634
13871
8655
6468
5428
14138
18670
17684
8332
1672
17323
1551
2450
13468
6774
4057
8354
18016
7369
21362
19023
19898
10402
9766
12599
18905
3724
16443
4980
12216
17568
2823
20918
9507
18634
5292
1762
1025
20457
10229
17646
8806
10357
21303
15861
6423
3573
706
2944
3806
10979
21186
2460
18597
12159
3166
18792
5372
3253
16051
4922
6420
10947
7051
3331
5641
7407
20884
16870
19442
17364
2700
13607
14420
684
19169
10075
20843
17834
4895
16508
13546
8954
2036
101
11223
11056
4564
14943
21341
10924
3741
11872
15791
13956
4800
7295
6702
18786
4254
14222
2957
2259
1969
19031
5837
18382
16103
16540
4403
1004
819
5989
7344
15323
5328
10885
15775
13304
4363
20633
17
4418
13257
386
573
12760
12012
5213
19074
14037
13482
4448
10085
20475
20617
9453
14858
6626
17299
9111
20665
16747
10199
11332
7169
1093
9596
10478
5929
16131
6356
10807
10014
15969
3518
9269
10984
9987
11007
14256
7385
17382
19084
2236
4405
10183
6781
9844
21060
4767
15205
3226
14475
5557
8948
14950
9907
7091
5101
4599
5130
11851
14781
2272
10870
17628
14812
6546
2442
12053
17207
10894
14394
10483
7417
19947
19042
4354
19751
18049
14447
10717
10043
4283
2124
9837
6495
15985
18577
7001
17047
4667
15823
11741
8867
17312
6007
9788
16151
1714
8236
2030
2813
4689
5738
6238
7829
10266
18105
15445
19722
6917
17028
2794
2624
15035
21264
12674
2581
18052
17356
952
14623
11191
21093
18756
9503
15771
10547
4287
14805
15824
14604
21106
6194
6756
11938
18156
18046
8051
15198
16423
14931
8035
6198
1188
13945
4178
12979
2940
7774
6510
16796
7667
9161
9143
12524
8436
19727
19966
18766
1711
9883
7046
13925
13183
17656
19491
11961
11156
19350
18311
8566
1044
16016
18997
7852
5149
1825
8132
3853
2805
5382
11515
3147
19780
19384
20379
14552
2992
214
14155
14059
18790
8520
8785
20755
8621
2058
7899
21424
14895
259
18808
18424
21489
19516
12942
13527
7925
1352
14220
2670
6039
13067
8094
1445
20916
7994
13796
463
12356
5740
8273
3093
21275
2976
20659
18391
4047
11037
20735
3390
10750
4724
5838
21002
3362
18801
21482
12718
15222
12755
19000
1655
594
11238
5047
13277
7816
957
985
19704
4759
266
4592
1147
4926
8350
317
7474
12101
12518
5473
13859
19100
103
16109
16496
1498
11740
11175
2877
5715
7284
16606
3610
10754
15614
5963
9028
13722
768
11602
18996
8982
19083
19959
13882
6139
4373
6562
17404
1250
3820
9954
6963
16595
17733
422
16826
8277
13752
2471
9780
18818
11877
18559
15385
12969
16216
18771
3470
4035
2046
16901
16433
5767
9249
12866
7624
7874
18574
8044
1424
14431
14167
1999
756
8248
268
11707
19218
7057
5093
11184
2438
7712
21229
19257
18476
15502
21414
20305
11960
4456
2759
20738
19954
19956
2601
12686
17421
2915
7527
3305
9206
9955
19289
18338
19072
15708
1893
351
6849
5022
16111
10171
10567
1475
7084
15339
7912
165
20618
11441
1416
7136
8514
6373
14973
7970
12684
12778
16299
13357
13829
8455
13523
567
16545
1537
18241
21206
3960
15741
4221
20386
9149
12428
11829
1215
3807
6060
7702
14467
2580
8804
633
9297
20331
9618
4909
17944
20323
5535
17847
15190
2031
16510
17351
2395
2840
11251
1201
10120
179
