19688
20165
6188
17859
13833
11253
15844
2959
14165
15163
9886
15457
20094
5543
9995
20224
21021
2549
10279
12127
19420
3044
21250
20346
1787
11129
8457
19450
9649
17953
15846
17406
8408
14739
102
17880
175
4531
19460
13188
8199
9406
809
20888
9325
20538
19034
13762
20827
13331
7212
7489
8625
16841
842
16075
14554
3734
5649
11112
14508
21069
16301
12231
18205
4121
5857
17743
14870
5216
925
3072
4711
10350
4296
15411
188
8100
11101
43
12535
3454
7744
13865
16619
12156
5074
1948
1850
6568
14323
8
4538
19970
19813
15714
7186
11103
15933
13298
13446
4722
4708
8394
20173
20584
15820
15685
11548
62
13081
17892
16085
9725
11545
11576
39
7653
13141
17709
7676
8847
12345
12671
15375
8517
19642
20557
5058
15475
19299
12952
13532
20022
18149
12461
17539
2459
16339
13367
3236
1726
9959
16645
15660
17433
3697
20175
6299
3248
15345
6953
16624
8495
14496
16552
4069
632
2958
14530
19937
11826
12897
4264
11502
3885
9682
6806
2504
4030
15551
8849
8893
10311
9175
2970
17572
12690
16930
16397
19556
18357
6798
5574
15803
15929
19544
16896
2884
6161
4204
16705
2777
2784
1554
1135
11400
2408
15811
15561
18813
11085
18112
9479
3431
9467
20581
10386
5422
5575
11616
13858
7213
1304
9645
17829
12307
7559
11727
18954
10492
3711
11628
20433
6694
17427
6559
3995
1034
5279
7507
3451
6486
389
21169
17097
1856
18452
11867
9013
1432
12010
1508
4561
11755
10307
3456
3241
10666
19962
7142
4060
5770
11347
472
16956
2360
11540
12205
13185
15165
2647
6630
20056
10672
2928
18412
4419
19615
18773
2953
16659
9656
2941
18732
7196
6813
8632
10219
7850
9916
1066
4032
20811
6997
3686
10418
415
7245
641
18346
15491
6707
8234
7085
1915
16036
12834
3140
701
10313
9466
1286
6969
18565
19698
8368
3432
6815
6520
2305
20709
10585
1992
4553
19685
6309
13845
19035
20941
9164
8397
3063
5953
12027
19769
7617
17789
15261
15866
19518
64
3460
8513
14295
10215
11360
6726
17213
6209
8707
1941
16868
7643
862
876
20153
7939
17033
19197
9347
12249
1571
3540
15615
10096
14479
20074
10571
9981
11904
13790
5936
20664
13621
12372
13048
19503
8284
6105
1932
6835
15997
2219
14978
20374
4317
2310
1173
17481
12335
9957
7745
5941
12702
17246
2089
20304
3615
1828
18121
11133
13870
4904
15186
10408
20324
19080
11689
1605
495
10876
13328
8883
18479
2295
20625
5627
1789
8172
2661
12323
5121
15185
3133
3282
5499
16370
9033
1270
2443
10217
20578
17072
11501
1530
9846
7203
14518
10880
10895
11552
9458
1775
19536
360
8763
4835
2123
10210
13689
19346
7668
21470
6347
9816
3060
16965
14022
1311
9105
8402
14650
13877
21447
6466
5407
14149
18736
17736
8306
1669
17368
1541
2434
13467
6757
4021
8321
18064
7347
21374
19093
19951
10369
9761
12576
18970
3689
16475
4947
12180
17617
2807
18739
9486
18700
5266
1763
1021
20512
10206
17696
8783
10321
3893
15898
6418
3535
699
2913
3769
10948
16985
21019
18669
12125
3131
18869
5348
3216
16093
4886
20929
10921
7038
3296
5623
7389
12184
16913
19506
17424
2687
13619
14446
680
19230
10058
20908
17897
4856
16549
13553
8934
2017
90
11185
11026
4525
14980
20075
10898
3708
11832
15856
13966
4766
7277
6708
20917
4218
14242
2930
2252
1959
19110
5823
18458
16139
16588
4364
1006
817
5977
7328
15376
5305
10861
15835
13313
4321
20699
14
4379
13263
377
569
12743
11980
5188
19148
14048
13491
4411
10073
20540
20683
9444
14900
6627
17355
9099
20736
16789
10184
11304
7152
1091
9594
10450
5922
16172
6355
10792
10005
16010
3480
9251
10964
9976
10987
14282
7371
17459
19160
2230
4368
10180
6775
9851
12273
4731
15256
3191
21010
5542
8932
14998
9909
7083
5069
4566
5099
11823
14818
2266
10850
17694
14853
6554
2433
12029
17265
21009
14427
10460
7406
20030
19130
21071
19822
18125
14489
10704
10036
4251
2110
21012
6500
16035
18666
21182
17103
4631
15893
11717
8852
17378
5999
9796
16200
1727
8231
2012
2802
4653
5728
6235
7821
10254
18195
15510
19793
6916
17086
21288
2613
15086
11437
12672
2571
18133
17432
956
14663
11163
19575
18862
9497
15849
10529
4256
14852
15900
14642
4028
6203
6762
11918
18249
18129
8037
15257
16476
14983
8026
6204
1191
13971
4152
12984
20926
7767
21155
16857
7666
9151
9137
12514
8419
19804
20057
18874
1716
9894
7048
13950
13200
17739
19589
11942
11135
19439
18407
8548
1042
16082
19103
7847
5124
1823
8127
3827
2796
5367
11505
3120
19868
19484
20468
14595
2965
204
14191
14088
18899
8502
8777
11172
8607
2045
7894
4141
14955
247
18915
18532
15539
19619
12953
13556
7915
1355
14260
2660
6040
21380
8091
1453
17780
7989
21143
453
21367
5734
8274
3065
16973
2954
18682
18499
4022
11031
10806
3361
10751
4693
5836
10443
3333
18914
10341
12728
15295
12759
19114
1658
590
11225
5024
13305
7819
964
990
20713
4729
255
4563
1151
4900
8341
309
7481
12093
12521
5465
13908
19210
92
16173
16574
1503
11731
11161
2865
5717
7280
16696
3585
10759
15696
5968
9030
13766
766
11594
19115
8983
19195
20068
13922
6150
4342
6572
17519
1255
3795
9975
6974
16687
17840
412
16912
8285
13803
2463
9800
18937
11869
18675
15472
12988
16289
18895
3442
4015
2032
16991
16507
5766
9255
12882
7642
7879
18691
8049
1435
14502
14214
1991
758
8255
257
11708
19333
7066
5072
11174
2437
7719
6730
19369
18599
15595
15499
20417
11956
4431
2758
16208
20071
20073
2594
12704
17537
2901
7537
3279
9211
9982
19405
18461
20505
15795
1896
345
6855
5002
16186
10203
10570
1481
7093
15438
7921
155
14690
11448
1426
7151
8508
6386
15058
7977
12705
12793
16381
13391
13901
8453
13569
564
16647
1546
18352
1444
3948
15843
4200
8294
9160
12437
11834
1218
3785
6069
7713
14559
2576
8812
631
9309
16192
9647
4887
18055
2595
5537
17969
15278
2021
16605
17472
2400
2833
11248
1205
10137
167
