19706
20197
6243
17857
13910
11361
15871
3025
14208
15173
9963
15466
20112
5598
10079
20237
21031
2586
10389
12239
19413
3116
21249
20352
1802
11257
8553
19444
9707
17949
15868
17400
8499
14763
118
17875
195
4613
19449
13245
8267
9476
814
20885
9388
20534
19015
13802
20826
13390
7273
7541
8699
16851
848
16101
14592
3811
5694
11235
14555
21065
16319
12339
18188
4188
5895
17730
14886
5282
928
3145
4791
10455
4383
15406
206
8159
11222
53
12613
3530
7798
13920
16636
12256
5150
1972
1868
6604
14350
13
4616
19963
19810
15706
7244
21405
15951
13360
13492
4797
4788
8476
20161
20569
15812
15676
11645
74
13138
17870
16100
9768
11640
11671
47
7705
13193
17687
7737
8918
12430
12764
15360
8600
19631
20532
5134
15462
19277
13021
13575
20006
18118
12546
17521
2490
16342
13412
3311
1735
10029
16658
15644
17402
3765
20150
6328
3323
15328
7003
16618
8573
14516
16546
4132
645
3018
14560
19909
11925
12959
4345
11593
3938
9722
6851
2529
4094
15536
8917
8959
10399
9235
3032
17547
12773
16923
16390
19528
18310
6843
5622
15779
15922
19515
16884
2950
6190
4276
16704
2817
2821
1569
1138
11485
2445
15782
15540
18748
11190
18070
9530
3507
9522
20535
10476
5467
21268
11697
13897
7263
1317
9687
17791
12388
7592
11810
18902
10576
3778
11715
20401
6727
17384
6589
4067
1045
5332
7549
3524
6506
408
21123
17079
1871
18392
11958
9067
1427
12090
1515
4629
11843
10387
3528
3312
10727
19917
7199
4119
5804
11416
488
16932
2374
11623
12285
13218
15129
2681
6652
20011
10731
2988
18343
4485
19573
18695
3011
21398
9692
2998
18658
7240
6850
8690
10290
7898
9958
1072
4092
20766
7026
3748
10497
431
7294
651
18283
15449
6731
8297
7124
1933
16015
12881
3207
711
21480
9512
1291
7006
18489
19643
8426
3506
21134
6541
2324
20657
10645
2029
4619
19629
21314
13843
18955
20878
9212
8460
3126
5991
12098
19721
7652
17722
15224
21368
19447
77
3529
8579
14289
10277
11420
6748
17172
6237
8752
1960
16825
7682
866
881
20095
7978
16997
19129
9381
12320
1582
3603
15569
10133
14456
20010
10629
10025
11982
13781
5965
20597
13631
12427
13076
19423
8337
6124
1950
6867
15965
2235
14942
20303
4386
2327
1175
21463
12395
10003
7780
5974
12756
17193
2119
20247
3672
1839
18045
11217
13861
4960
15130
10479
20262
18980
11759
1614
507
10932
13341
8927
18386
2313
20531
5659
1798
8200
2688
12380
5175
15125
3194
3343
5536
16327
9068
1272
2472
10271
20492
17020
11557
1533
9868
7237
14484
10931
10945
11613
9487
1783
19443
373
8805
4901
2145
10260
13677
19262
7693
17867
6363
9828
3119
16905
14015
21221
9146
8450
14626
13855
8668
6472
5439
14129
18624
17651
8351
1673
17293
1553
2462
13460
6786
4075
8366
17983
7380
21353
18977
19863
10420
9769
12605
18864
3745
16422
4999
12229
17533
2835
21082
9515
18590
5306
1758
1019
20422
10246
17612
8822
10374
3934
15814
6425
3593
709
2964
3825
10991
16915
2467
18553
12174
3189
18738
5386
3276
16029
4940
6424
10961
7058
3353
5651
7415
12228
16838
19396
17329
2707
13600
14404
686
19123
10087
5650
17793
4916
16480
13538
8964
2047
106
11240
11067
4581
14921
19973
10937
3762
11885
15762
13948
4819
7302
6701
18725
4272
14209
2982
2264
1974
20862
5845
18335
16071
16512
4423
1003
821
5997
7351
15292
5339
10893
15745
13295
4382
20583
19
4436
13249
391
576
12767
12023
5227
19014
14028
13473
4466
10092
20431
20555
9454
14833
6629
17261
9116
20621
16718
10213
11345
7174
1094
9598
10490
5933
16108
6353
10815
10019
15937
3538
9274
10993
9992
11015
14237
7391
17339
19019
2238
4425
10201
6785
9841
12305
4784
15167
3249
14450
5564
8955
14924
9901
7099
5116
4618
5146
11860
14758
2275
10873
17585
14788
6545
2448
12060
17170
10903
14374
10494
7421
19897
20969
4374
19707
18004
14421
10723
10048
4301
2130
9832
6490
15955
18519
21311
17006
4687
15776
11748
8873
17270
6010
9784
16121
1712
8232
2039
2822
4706
5743
6241
7831
10276
18056
15405
19663
6919
16986
2804
2629
15001
11461
12661
2592
18005
17309
949
14601
11200
19416
18687
9500
15735
10556
4304
14778
15774
14583
4071
6191
6754
11947
18094
17998
8054
15147
16382
14898
8036
6192
1186
13927
4192
12971
21261
7775
6504
16756
7662
9165
20890
12516
8439
19664
19905
18694
1708
9878
7042
13906
13167
17607
19417
11971
11159
19286
18258
8574
21203
15980
18926
7853
5164
1827
8131
3869
2814
5389
11517
3167
19728
19327
20315
14510
3010
219
14128
14038
18714
8525
8784
11198
8626
2064
21131
4177
14854
265
18726
18360
15419
20915
12931
13507
7927
1350
14196
2676
6041
13053
8092
1440
17631
7995
13765
467
12351
5742
8269
3111
16843
2995
18510
18326
4061
11038
10803
3414
10747
4737
5840
10461
3380
18719
10351
12706
15177
12746
18923
1652
596
11243
5062
13252
7808
953
983
21086
4774
272
4606
1145
4938
8347
320
7470
21067
12507
5476
13815
19017
108
16054
16449
1495
11737
11165
2889
5719
7282
16555
3625
10748
15558
5959
9025
13695
769
11597
18918
8979
18994
19888
13827
6133
4388
6550
17344
1248
3834
9944
6957
16537
17667
427
16779
20419
13721
2476
20859
18730
11874
18483
21312
12949
16167
18686
3489
4046
2051
16842
20519
5765
9245
12851
7613
7870
18500
8039
1418
14397
14131
2006
755
8240
273
11701
19135
7054
5105
11173
2439
7704
6698
19177
18399
15440
15350
20244
21188
4471
2764
16076
19881
19882
2606
20554
17352
2929
7518
3324
9201
20321
19217
18272
18979
15647
1892
356
6844
5032
16048
10159
10564
1472
7079
15287
7906
171
14588
11434
1411
7130
8507
6366
14925
7966
12659
12766
16245
13324
13784
20887
21377
568
16488
20932
18162
1422
3968
15679
4228
8265
9138
12418
11821
1213
3822
6056
7695
14423
2584
8798
635
9290
16045
9604
4918
17866
2605
5528
17770
15124
20585
16454
17286
2392
2846
11247
1199
10112
184
