19710
20163
6314
17806
14031
11587
15936
3221
14270
15155
10141
15430
20078
5751
10296
20221
21008
2689
10617
12464
19372
3319
21219
20326
1846
11455
8709
19393
9804
17896
15886
17346
8665
14775
146
17796
235
4831
19387
13352
8465
9577
829
20863
9502
20504
18982
13919
20792
13465
7416
7636
8859
16816
855
16134
14625
3963
5822
11418
14586
21005
16303
12537
18079
4410
6028
17635
14867
5426
916
3340
4995
10639
4591
15331
251
8302
11403
94
12807
3710
7954
14001
16575
12453
5302
2082
1907
6662
14355
26
4828
19874
19744
15631
7373
11398
15941
13404
13539
4997
4983
8635
20048
20485
15755
15599
11876
121
13197
17737
16089
9873
11856
11898
84
7840
13250
17567
7866
9041
12580
12886
15268
8716
19527
20438
5286
15349
19156
13098
13601
19884
17988
12687
17372
2544
16279
13439
3509
1742
10140
16536
15537
17283
3924
20014
6383
3513
15235
7119
16518
8687
14470
16466
4312
660
3196
14493
19779
12112
13035
4554
11769
4115
9754
6925
2623
4271
15393
9023
9058
10581
9321
3205
17366
12872
16802
16300
19345
18128
6909
5729
15655
15786
19336
16769
3123
6252
4477
16562
2966
2969
1590
1125
11634
2515
15649
15380
18571
11339
17907
9567
3667
9557
20381
21462
5571
5708
11887
13884
7349
1322
9685
17595
12504
7657
11993
18699
10684
3925
11890
20229
6812
17229
6610
4216
1050
5441
7587
3683
6536
446
20934
16926
1900
18175
12106
9170
1413
12211
1516
4814
12003
10524
3687
3492
10829
19737
7266
4286
5876
11538
516
16763
2396
11745
12386
13202
14997
2734
6663
19790
10826
3139
18093
4662
19319
18455
3165
16462
9673
3154
18421
7308
6892
8753
10384
7974
10006
1071
4245
20515
7113
3897
10611
468
7356
666
18030
15252
6744
8357
7197
1963
15807
12918
3371
727
10487
9517
1279
7065
18218
19347
8518
3655
6875
6561
2347
20393
10725
2098
4794
19334
6327
13747
18673
20634
9261
8541
3289
6050
12178
21443
7679
17460
15034
15596
19170
21274
3680
8640
14181
10347
11507
6776
16958
6249
8814
2022
16590
7714
858
882
19794
8050
16758
18825
9372
12374
1595
3743
15301
10153
14337
19736
21015
10041
12068
13691
6022
20290
13533
12479
13047
19122
8370
6132
1975
6874
15674
2250
14768
19977
4552
2342
1158
17155
12438
9970
7796
6021
12782
16950
2161
19885
3812
1855
17711
11286
13718
5106
14933
10540
19902
18630
11814
1619
528
10966
13244
8937
18048
2323
20218
5698
1794
8194
2729
12403
5274
14916
3344
3508
5593
16118
9073
1252
2512
10288
20134
16736
11583
1525
9802
7241
14316
10950
20641
11633
9419
1767
19089
406
8824
5027
2175
10256
13548
18872
7670
17508
6325
9753
3265
16589
13819
1296
9159
8468
14401
13692
8685
6440
5494
14006
18248
17284
8331
1656
17007
1555
2492
13338
6724
4179
8355
17592
7390
21254
18561
19440
10417
9676
12586
18438
3870
16166
5131
12220
17178
2914
18217
20547
18179
5368
1748
998
20002
10211
17236
8817
10365
4043
15471
6385
3716
715
3082
3928
10986
16560
2494
18124
12164
3328
18303
5436
3412
15640
5051
6380
10939
7027
3498
5657
21392
12208
16483
18951
17005
2735
13426
14194
688
18637
10002
5655
17357
5025
16188
13371
8929
2094
138
11250
11063
4704
14676
19517
10892
3875
21465
15371
13707
4934
7285
6647
18271
4400
21499
3092
2261
1996
18492
5850
21058
15642
16202
20693
982
799
5975
7331
14968
5387
10831
15337
13135
4502
20072
28
4562
13106
424
580
12663
12008
5294
18496
13736
13278
4587
9961
19914
20043
9361
14563
6549
16854
9062
20085
16317
10117
11316
7129
1080
21399
10427
5902
20371
6289
10768
9876
15481
3645
9217
10923
9824
10943
14026
7355
20671
18470
2222
4543
10106
6671
9683
20435
4876
14826
3369
20767
5569
8890
14630
9731
7021
5193
4725
5217
11787
14417
2265
10788
17128
14448
6446
2410
12014
16733
10805
14107
10411
7376
19320
18413
4474
19124
17483
14150
10660
9877
4402
2152
9665
6402
15446
17986
6930
16521
4787
15309
11643
8793
16804
5956
9631
15613
1688
8151
2071
2854
4806
5735
6156
7747
10125
17512
14992
19059
6847
16487
2809
2651
14662
11380
12555
2617
17450
16824
920
14245
11079
18811
18097
9355
15250
10465
20281
14406
15282
14217
4135
6119
6641
11854
17535
17430
7971
14772
15944
14524
7961
6117
20690
21212
4277
12822
3014
7628
6398
16275
7548
9049
9043
20944
8312
19007
19258
18080
1684
9667
6944
13572
12968
17085
18770
19907
11045
18603
17644
8470
20410
15404
18277
7742
5210
1799
8059
3930
2800
5396
11387
3268
19051
20648
19668
14152
3086
260
13743
13671
18074
8401
8695
11049
8533
20309
7778
4246
14437
299
18077
17731
14948
18751
12749
20942
7793
1331
13806
2682
5958
12850
7991
1387
17070
7889
13449
492
12176
5691
8141
3198
16308
3052
17869
17669
4107
10852
10671
3514
10637
19989
5795
10261
3490
18050
10126
21366
14734
12550
20427
1632
598
11066
5118
13003
7644
917
946
18884
4830
302
4663
1114
4988
8164
340
20044
11959
12325
5448
21393
18281
20308
15414
15906
1461
11542
10957
20432
5656
7146
16037
3704
10626
15011
5879
8881
13353
747
21332
18178
8830
18253
19133
13458
6062
4442
6393
16752
1227
3891
9663
6832
16008
17050
452
16212
8116
13366
2407
9552
18015
11655
17764
14817
12703
15496
17978
3563
4076
2059
16249
15729
19741
20201
12595
7488
7687
17765
7902
1376
14016
13682
1966
745
8099
303
11481
18309
6905
20436
10925
2375
7528
6519
18340
17652
14884
14813
19379
11721
4535
2741
15370
19064
19390
2561
12443
16724
2943
7395
3396
9015
9640
18358
17522
18169
20778
1867
376
6636
5060
15332
21263
10332
1397
21108
14752
7727
211
21282
11256
1370
6946
8278
6218
14399
19775
12419
12492
15520
12987
13379
20624
13113
553
15800
1477
17371
1375
3991
15039
4262
8096
8930
12155
11556
1160
3863
5913
7504
13996
2547
8637
616
9066
15297
9356
20289
20065
2553
5458
17049
14608
20273
15727
16572
2355
19812
10942
1152
9742
221
