19666
20178
6410
17779
14093
11848
16009
3351
14329
15144
10414
15489
20050
5829
10549
20211
20978
2723
10779
12629
19339
3465
21172
20307
1861
11667
8879
19356
10059
17843
15986
17316
8810
14798
170
17745
275
4974
21432
13418
8639
9652
808
20785
9588
20478
18928
14004
20734
13540
7509
7869
9005
16814
847
16145
14648
4110
5890
11619
14612
20939
16290
12669
18042
4583
6090
17569
14855
5506
915
3477
5148
10785
4742
15293
281
8524
11575
124
12895
3818
8108
14042
16527
12590
5384
2117
1913
6805
14361
41
4962
19770
19614
15622
7475
11555
15912
13469
13593
5144
5137
8733
19933
20398
15736
15574
12043
136
13247
17622
16059
10057
12036
12062
117
8001
13292
17447
8017
9187
12708
12956
15199
8860
19340
20318
5349
15273
19018
13128
13643
19752
17871
12813
17254
2582
16224
13481
3611
1731
10328
16460
15464
17182
4029
19848
6431
3618
15126
7202
16437
8789
14433
16379
4463
669
3301
14459
19608
12218
13064
4669
11926
4220
9880
6995
2657
4401
15283
9139
9188
10656
9353
3309
17232
12926
16709
16219
19182
17993
6979
5793
21129
15695
19157
16671
3214
6268
4611
16440
3054
3061
1597
1121
11766
2531
15560
15246
18404
11413
17681
9592
3768
9586
20187
10680
5615
5787
12007
13809
7444
1325
9736
17380
12578
7792
12087
18505
10774
4018
20795
19961
6846
17081
6635
4335
1046
5495
7665
3776
6566
469
20694
16759
1877
17985
12167
9227
1415
12287
1500
4915
12085
10602
3777
3592
11014
19454
7323
4397
5893
11624
527
16576
2388
11845
12458
13162
14859
2745
6675
19524
10968
3215
17900
4769
19055
18250
3240
16295
9677
3227
18204
7361
6934
8848
10480
8072
10082
1065
4338
20256
7143
3964
10648
483
7433
21445
17749
15075
6811
8462
7218
1942
15607
12911
3471
730
10555
9489
1256
7112
17977
20655
8585
3736
6923
6524
2320
20038
10769
2116
4881
19016
6304
13675
18388
20291
9283
8591
3357
6063
12217
19094
7762
17189
14856
15342
18850
21127
3757
8663
14086
10376
11534
6740
16707
6221
8863
2024
16372
7777
839
871
19403
8089
16477
18478
9360
12370
1580
3816
15081
10151
14179
19297
10701
10049
20774
13591
6026
19886
13414
12474
12991
18740
8425
6123
1924
6870
15400
2216
14613
19590
4625
2309
1156
16880
12421
9938
7862
6016
12741
16667
2162
19495
3886
1814
17359
11306
13615
5172
14733
10538
19498
18274
11806
1606
534
11059
13132
8966
17665
2296
19765
5697
1740
8213
2718
12359
5301
14715
3421
3581
5583
15740
9081
1237
2469
10237
19686
16413
21162
1491
9727
7220
14134
20705
11044
11605
9373
1730
18636
421
8819
5104
2171
10160
13388
18428
7626
17148
6278
9669
20928
16286
13659
1258
21295
8463
14197
13525
8672
6392
5497
13731
17824
16992
8314
1635
16640
20102
2409
20680
6654
4223
8320
17194
7368
21116
18130
18957
10371
9607
12542
18008
3914
20131
20252
20729
16817
2879
17767
9363
17715
5361
1697
978
19483
10116
16888
8772
10268
4102
15100
6296
3770
710
3100
20603
10941
16226
2406
17653
12113
3370
17850
5430
20548
15233
5111
6288
10888
20911
3566
5626
7370
12132
16165
18420
16559
2716
13220
13990
679
18151
9859
5620
17000
5070
15726
13157
8894
2085
154
11195
11050
4747
14349
21335
10799
3910
11762
15024
13487
4969
7205
6563
21375
4447
13710
3077
2209
1917
17982
5807
17360
15210
15702
4589
959
789
5901
7229
14679
5360
10760
14986
12976
4549
19479
45
4600
12948
435
572
12556
11891
5283
20524
13509
13075
4621
9771
19276
19385
9291
14212
6442
16391
8998
19475
15873
9920
11230
7014
1057
20384
10278
5865
15164
6187
10658
9660
15047
3676
9114
10789
9637
10808
13670
7235
16436
17915
2197
4572
9881
6564
9550
12108
4897
14460
3411
13892
5513
8794
14238
9587
20631
5197
4743
5220
11622
14113
2206
10668
16601
14133
6322
2362
11824
16236
10675
13730
20495
7243
18649
17785
4493
18435
16994
13774
10543
9641
4409
2133
9511
6279
15003
17354
20580
16084
4795
14906
11452
8683
16292
5877
9435
15093
1643
8102
20572
2776
4812
5632
6084
7569
9875
16995
14632
18337
6643
16031
2749
2599
14230
11255
12348
2542
16927
20649
901
13909
19795
18109
17463
9238
14819
10186
4385
14073
14840
13863
4133
6057
6473
11617
19981
16876
20272
14340
20841
20083
7843
6054
1116
13260
4257
12584
2942
7515
6267
15639
7461
8904
8896
19904
8161
18259
18481
17396
1636
9456
6749
19767
20269
16453
18025
11591
10787
17908
17051
8251
965
14923
17565
7556
5186
1700
7932
3931
2743
5331
11227
3247
19066
17913
18840
13713
3013
282
13385
21114
19283
8181
8555
10782
8301
1955
7565
4199
14060
315
17353
17093
14461
17981
12493
12941
7567
20009
13411
2628
5855
12579
7838
1362
20106
7663
13095
500
11967
5578
8023
3151
15618
2956
17159
17035
4086
10644
10445
3519
19925
20660
5646
9895
3484
17285
9746
12253
14228
12274
17445
1599
588
10772
5078
12715
7500
899
908
18031
4796
316
4638
1097
4948
8062
348
7184
19137
12067
19878
13084
17488
19740
14844
15119
1381
11308
20807
2781
5549
6937
15213
3685
10304
14477
5781
8677
12995
737
11181
20607
21354
17431
18223
13068
21304
19164
6215
16099
1179
3868
9399
19471
19523
16315
461
15377
7948
12998
2333
9315
17200
11362
17037
14272
12375
14877
17167
3565
4034
1906
15421
15027
5555
8862
12281
7279
7498
17026
7584
1340
13472
19044
1874
735
7913
18733
18985
18779
6605
5064
10636
20205
7352
6295
17464
16916
14313
14236
20837
11379
4458
2685
14779
18067
18414
2506
12111
16013
19243
7158
3356
8751
19531
20919
16755
17279
14430
20191
382
19997
4979
14736
9509
9854
18880
6600
14166
7491
230
13534
10817
1333
19224
8078
20466
13831
7514
12080
12123
14836
12611
12964
21101
12770
546
15020
1384
16573
1337
3950
14413
4170
19128
18650
11765
11254
1111
3813
5789
7265
19926
2397
8300
608
8796
14689
9101
4861
19191
2428
5342
21053
14029
1870
14959
15731
2240
2711
10612
1106
9401
237
