19716
20176
6305
17820
14030
11560
15932
3181
14273
15183
10128
15461
20087
5707
10253
20223
20999
2672
10597
12439
19386
3278
21225
20327
1845
11425
8694
19407
9790
17916
15902
17365
8657
14791
141
17819
226
4793
19406
13358
8443
9572
828
20857
9480
20508
18993
13929
20786
13476
7393
7619
8835
16827
853
16142
14637
3933
5806
11404
14599
21007
16312
12509
18115
4367
6003
17660
14892
5403
918
3303
4955
10621
4556
15369
241
8293
11389
87
12792
3677
7941
14011
16593
12433
5280
2066
1903
6659
14371
24
4790
19900
19763
15654
7353
11385
15958
13420
13554
4958
4950
8620
20079
20499
15777
15624
11833
111
13208
17774
16110
9865
11822
11864
78
7811
13265
17610
7844
9036
12572
12878
15306
8710
19566
20453
5263
15399
19193
13103
13623
19916
18026
12677
17426
2539
16304
13461
3467
1746
10136
16580
15581
17318
3898
20046
6381
3476
15267
7109
16557
8684
14509
16491
4280
663
3157
14556
19826
12097
13044
4516
11752
4079
9760
6913
2587
4232
15450
9017
9054
10561
9320
3173
17429
12871
16830
16335
21460
18183
6903
5702
15707
15851
19377
16801
3089
6253
4443
16598
2922
2936
1594
1128
11630
2508
15705
15439
18609
11333
17952
9574
3639
9566
20409
10608
5562
5699
11857
13917
7345
1326
9711
17640
12502
7651
11985
18757
10677
3902
11870
20263
6810
17266
6615
4186
1053
5427
7586
3651
6558
439
20955
16978
1901
18235
21174
9168
1447
12212
1524
4782
11996
10520
3658
3463
10827
19776
7262
4249
5871
11541
513
16808
2391
11746
12398
13234
15041
2728
6669
19850
20993
3109
18174
4627
19373
18517
3135
16504
9693
3124
18472
7304
6894
8755
10392
7972
10033
1078
4206
20598
21200
3874
10607
460
7354
665
18083
15310
6787
8371
7195
1967
15909
12934
3341
725
10489
9533
1292
7059
18284
19414
8529
3627
6883
6569
2346
20444
10721
2091
4760
19392
6332
13793
18753
20682
9271
8546
3256
6046
12189
19512
7694
17540
15087
15652
19246
115
3649
8649
14224
10364
11520
6808
17014
6255
8827
2018
16688
7731
867
886
19866
8052
16813
18903
9386
12393
1598
3717
15382
10167
14381
19792
10688
10063
12078
13725
6017
20363
13578
12494
13072
19198
8399
6138
1980
6889
15754
2254
14822
20054
4524
2344
1162
17211
12457
10015
21277
20768
12804
20808
2157
19986
3786
1859
17804
11300
13761
5080
14991
10554
20000
18716
11844
1624
526
10995
13289
8957
18131
2331
20285
5700
1807
8215
2724
12425
5264
14982
3317
3473
5592
16178
9086
1260
2509
10314
20246
16799
11608
1560
9860
7255
14372
10974
10999
11653
9457
1786
19180
401
8846
5008
2173
10295
13602
18971
7697
17598
6345
9793
3231
16702
13934
1303
9178
8492
14469
13738
8701
6448
5492
14056
18327
17367
8373
1675
17082
1568
2498
13389
6752
4160
8398
17673
7408
21278
18656
19578
10452
9719
12608
18536
3847
16229
5112
12251
17252
2904
18312
9464
18280
5364
1753
1012
20099
10243
17315
8843
10391
4023
15580
6397
3699
720
3057
3912
11025
16684
2502
18242
12191
21359
18415
5434
3383
15748
5034
6394
20658
7060
20678
5676
7429
12234
16578
19082
17092
2733
13494
14259
692
18765
20773
5670
17486
20643
16254
13433
8960
2088
132
11275
11083
4685
14738
19654
10934
3858
11912
15503
13763
4919
7301
6665
18378
4381
14083
3068
2268
20804
18601
5860
18010
15758
16270
4532
989
801
5995
21309
15050
5388
10881
15456
13190
4489
20228
27
4542
13150
419
586
12717
12034
5288
18614
13860
13359
4569
10051
21208
20198
9389
14657
6588
16987
20675
20668
16425
10150
11349
7156
1083
9548
10485
5911
15761
6310
10795
9926
15598
3631
9244
10971
9897
11009
14084
7381
17052
20385
2231
4526
10139
6696
9740
12269
4865
14928
3348
14266
5582
8923
14709
9795
7062
5185
4710
5209
11852
14548
2277
10828
17227
14590
6476
2427
12050
16821
10843
14182
10475
20567
19488
18542
4460
19264
17613
14225
10691
9935
4391
2154
9726
6438
15590
18111
6947
16679
4776
15444
11695
8839
16951
5988
9678
15742
1696
8179
2074
2851
21427
5752
6178
7784
10182
17641
15092
19203
6878
16617
2818
2655
14744
11414
12596
2622
17594
16984
934
14346
11126
20636
18257
9391
15372
10533
4389
14529
15422
14328
4126
6142
6666
11910
17659
17575
8007
14875
16073
14658
8000
20758
1164
13685
4265
12870
3003
20635
6436
16407
7578
9082
9072
12456
8381
19179
19401
18246
1691
9732
6973
13666
13032
17197
18938
20403
21094
18784
17803
8538
1014
15573
18432
20130
20242
1811
8082
3923
2820
21361
11435
3254
19211
18814
19825
14246
3076
252
13913
13751
18245
8459
8728
11093
8584
2093
7839
4242
14597
294
18251
21442
15062
18936
12825
13302
7855
1336
13985
2686
6000
12914
8041
1398
17195
21336
13552
490
12240
5709
8174
3186
16444
3046
18028
17841
4103
20405
20867
3497
10676
4798
5809
10358
3472
18219
10222
12583
14842
12602
18387
1638
601
11122
5113
13073
7734
20093
967
19087
4826
298
4658
1120
4984
20691
337
7422
12018
12406
5462
13574
18450
20411
15591
16077
1471
11621
11055
2925
5692
7201
16182
3693
10667
15137
5896
8926
13453
751
11474
18345
8888
18427
19315
13573
6082
21119
20188
16919
1233
3887
20261
20120
16162
17188
449
16347
8158
13477
20354
9613
18187
11747
17971
14952
12808
15656
18142
3550
4077
2072
16408
15973
5725
9129
12683
7520
7763
17975
7953
1386
14108
13801
2009
748
8140
19838
11562
18506
6941
5132
11040
2389
7568
6593
18538
17849
15026
14956
19645
11818
4530
2746
15572
19267
19662
2593
12532
16885
2948
7442
3382
9065
9721
18558
17693
18356
15193
1879
375
6677
5068
15526
9965
10424
1419
6948
14883
7783
203
14219
11322
1379
7002
20921
6266
14576
7856
12510
21269
15713
19845
13500
8304
21285
555
16050
1493
17583
19714
3994
15203
20045
19699
9014
19891
11649
1183
3862
5978
7552
14105
2556
8691
619
9167
15506
9413
4944
17277
2568
20605
17204
14735
2035
15995
16771
2364
2839
11062
20744
9879
215
