19651
20195
6485
17811
14151
12058
16017
3546
14384
15162
10635
15513
20029
5904
10738
21488
20961
2861
11114
12785
19303
3616
21142
20293
1849
11907
9037
19306
10289
17828
15943
17281
8995
14797
189
17706
291
5160
19284
13490
8742
9826
795
20740
9688
20420
18845
14046
20697
13629
7602
8064
9152
16783
831
16092
14653
4248
5984
11778
14607
20860
16239
12791
18011
4719
6128
17510
14829
5573
903
3619
5246
11099
4891
15253
297
8630
11718
135
12947
3946
8202
14054
16455
12681
5455
2135
1919
6900
14345
61
5123
19633
19501
15538
7539
11679
15783
13456
13633
5242
5236
8882
19785
20266
15637
15454
12150
149
13269
17513
15946
10154
12146
12161
21111
8125
13300
17313
8135
9241
21388
12975
15102
8977
19174
20128
5425
15171
18820
13140
13641
19569
17686
12833
17163
2658
16132
13432
3723
1695
10472
16350
15317
17077
4151
19636
6449
3728
15049
7260
16297
8899
14376
21190
4614
647
3448
14387
19351
12291
13051
4820
12006
4350
9945
7040
2693
4557
15138
9197
9224
10763
9379
3452
17114
12908
16482
16067
18908
17751
7012
5816
15356
15493
18875
16438
3316
6274
4717
16258
3155
3158
1565
1110
11815
2548
15321
15095
18199
11444
17443
9600
3873
9578
19840
10767
5667
5802
12021
13720
7469
1254
9774
17192
12594
7923
12129
18266
10902
4127
12016
21040
6871
16861
6637
4468
986
5517
7797
20563
6571
476
20362
16472
21358
17666
12187
9236
1388
12296
1469
5009
12105
10619
20442
3666
21133
19050
7340
4519
21422
11604
530
16314
2393
11816
12447
13107
14717
2826
6658
19105
11092
3308
17543
4869
18671
17929
3330
16062
9638
3313
17865
7374
6926
8857
20813
8110
10024
1008
4453
19787
7120
4039
10640
494
7437
646
17379
14894
6713
8473
7200
21062
21126
12842
3583
705
10526
9425
1230
7050
17578
18616
8569
3801
20470
21487
2300
19604
10770
2113
4951
18587
6277
13514
18003
20983
9247
20027
3466
6052
12171
21430
7773
16897
14668
15055
18403
20972
3823
8645
13880
10320
20589
6664
20319
6169
8828
20104
20259
7768
797
800
18894
8097
16174
18053
9319
20396
1482
3888
14821
10100
14008
18785
10659
9888
12002
13365
5976
19330
13222
12367
12863
18279
8344
6097
1886
6736
15054
2201
14303
18999
4691
2283
1109
16435
12315
9778
7825
5945
12614
16233
2148
18893
3936
1737
17003
11267
13355
5218
14408
10405
18885
17721
11648
1511
536
10926
12990
8902
17215
2255
19136
5681
1682
8173
2710
12255
5304
14382
3493
3621
5552
15218
9007
1214
2412
10086
19028
16011
11412
1454
9581
7121
13825
10841
10855
11432
9305
1665
18061
404
8715
5143
2155
9964
13146
17862
7560
16711
6179
9527
3339
15781
13354
1228
9035
8322
13911
13246
8589
19991
5457
20824
17249
16428
8203
1604
16164
1437
2365
12983
6512
4266
8205
16732
7221
122
21167
18317
10111
9418
12327
17361
3942
20712
5183
19768
20629
2876
17203
9284
17176
5338
1647
933
18718
9814
16309
8656
9952
20482
14740
6182
3797
675
3075
3982
10762
15593
2357
17120
11901
3433
17224
5397
3520
14814
5122
6174
10686
6830
3595
5559
7193
11914
15441
17692
16057
2697
19235
13559
650
17423
19476
5551
16361
5063
15090
12937
19371
1902
172
10982
20359
4752
14002
20594
10623
3918
11459
14631
13143
4966
6996
6389
17131
4434
13322
3031
2187
1835
17248
5730
16790
14756
15059
4579
21146
778
5821
7035
14199
5320
10565
14549
12724
4522
18600
21044
4588
12685
418
552
12280
11525
5256
19009
13129
12829
4612
9504
18445
18551
9098
13753
6263
15680
8757
18572
15099
9573
19591
6819
973
9221
21290
5777
14706
6088
10367
9411
14587
3681
8912
10582
9400
10587
13228
7011
15700
17157
2178
4528
9536
6344
9331
11705
20275
14039
3401
13378
5435
8604
13742
9342
6617
5169
4703
19171
11341
21260
2183
10346
15877
13644
6160
19682
11431
15367
10348
13276
9713
6989
17705
17048
4435
17525
16217
20936
19789
20702
4332
2096
9298
6115
14428
16669
20017
15140
18879
14326
11234
8442
15410
5775
9258
14568
1589
7887
18791
2705
4753
5516
5899
7446
9470
16201
14077
17362
6407
20596
2698
2524
13686
10830
19163
19505
16140
18431
835
13327
18742
17198
16703
8993
14215
9648
4307
13450
14249
13288
4082
5866
6236
11303
16163
16069
7529
13748
14670
13542
7517
5856
1074
12868
4174
20406
2811
20769
6091
14881
7157
8622
8614
11685
7967
17244
17436
16530
1566
20404
6444
12843
19667
15525
17115
11269
10385
17002
16187
8063
900
14268
19220
7315
19001
1631
21030
3901
2677
18689
10726
20628
17222
16982
17683
13147
21394
295
12935
12862
16457
7975
8169
10344
8070
1820
7317
4145
13369
322
16445
16185
13805
17012
12030
12522
7329
1212
12939
2517
5645
12139
7487
20513
15363
7435
21068
20156
11397
5437
7579
3022
14767
2789
18381
16097
4001
10078
9728
19960
9653
4688
5485
9407
3436
16351
9351
11684
13550
18515
16461
1457
549
10238
4961
12232
7154
830
841
19628
4695
20677
18523
980
4848
7576
344
20125
11211
11433
5261
12630
17558
20784
14141
14388
1329
21417
18376
2696
19008
6484
14440
3630
20573
13728
5538
8229
12527
698
10592
16352
8184
16399
17090
12597
19561
4233
21205
14970
1098
3787
9069
6222
17439
20909
441
14575
7512
12501
2198
8970
17935
20007
15998
13515
11773
14120
16150
3487
21087
1733
14589
14218
5392
8433
11631
6842
7101
20964
7236
20040
12869
12710
1686
683
20514
17515
10591
17341
6245
4910
9847
2188
21059
6073
16359
15734
13519
13431
17143
20537
4284
2533
13992
16904
16900
2290
11408
14825
2664
6606
3201
8253
8996
16318
15515
16196
20870
17922
358
6095
4847
19295
9125
9328
1242
6217
18191
7020
242
12885
10115
1225
6246
17921
5782
13069
7086
11374
11406
14027
11991
12357
7510
20865
539
14153
1327
15269
1226
3848
18949
4031
7423
8165
11206
10537
20222
3702
5504
6700
12788
2241
7895
562
8250
18090
8616
19690
15013
2258
5226
14947
13133
1678
14082
14661
2174
2543
9681
995
8999
263
