19726
20209
6283
17846
13988
11477
15892
3114
14252
15181
10067
15477
20118
5672
10152
20243
21014
2639
10507
12366
19410
3208
21239
20348
1815
11365
8643
19441
9749
17936
15879
17393
8599
14783
134
17854
217
4718
19446
13321
8377
9541
827
20873
9434
20527
19027
13890
20809
13441
7343
7585
8765
16855
854
16141
14628
3889
5774
11343
14591
21041
16325
12446
18160
4282
5949
17708
14899
5351
931
3233
4884
10560
4479
15391
227
8206
11331
69
12712
3613
7872
13983
16633
12371
5229
2019
1884
6646
14363
3
21448
19941
19796
15682
7313
11328
15961
13402
13536
4890
4879
8564
20135
20543
15796
15648
11763
99
13187
17830
16126
9805
11758
11785
63
7772
13243
17655
7790
8991
12529
12840
15334
8671
19609
20497
5211
15436
19247
13078
13604
19984
18078
12616
17484
2521
16332
13447
3395
1743
10103
16627
15612
17369
3849
20110
6367
3409
15299
7053
16592
8646
14535
16528
4212
658
3102
14571
19875
12035
13024
4439
11680
4016
9747
6893
2555
4166
15501
8978
9020
10493
9294
21495
17497
12841
16895
16373
19480
18256
6886
5675
15744
15894
19473
21420
3035
6240
4370
16682
2866
2871
1585
1140
11577
2491
15746
15500
18683
11287
18023
9560
3588
9553
20481
10558
5514
5674
11796
13924
7316
1324
9708
17726
12467
7620
11913
18837
10643
3857
11803
20333
6777
17332
6611
4136
1052
5391
7575
3599
6538
430
21038
17040
1883
18316
12047
9110
1443
12173
1520
4721
11934
10468
3605
3393
10793
19858
7238
4194
5851
11500
506
16882
2386
11690
21475
13238
15085
2713
6668
19938
10794
3062
18267
4570
19492
18610
3087
16577
9703
3071
18573
7289
6884
8731
10360
7949
10007
1077
4159
20687
7076
3824
10577
451
7335
662
18200
15383
6772
8352
7172
1956
15977
12921
3288
722
10459
9534
1294
7025
18390
19564
8484
3577
6882
6575
2339
20560
10694
2068
4702
19538
6339
13830
18865
20780
9248
8521
3203
6023
12165
19630
7686
17639
15148
15738
19353
21328
3602
8633
14263
10329
11486
6793
17107
6257
8800
1981
16767
7726
873
887
19993
8013
16924
19032
9394
12378
1592
3669
15486
10161
14418
19908
10674
10060
12048
13757
6002
20476
13608
12478
13091
19325
8383
6140
1968
6888
15875
2249
14887
20220
4461
2340
1166
17314
12445
10023
7801
20900
12800
17119
2144
20119
3740
1854
17943
11279
13818
5028
15060
10530
20137
20970
11813
1621
521
10975
13333
8953
18268
2328
20413
5688
1805
8209
2714
12422
5231
15052
3270
3417
5576
16252
9090
1274
2497
10305
20373
16925
11606
1556
9867
7254
14425
10970
10988
11650
9483
1788
19323
393
8842
4967
2164
10294
13651
19132
7706
17735
6369
9817
3190
16803
13993
1320
9176
20984
14578
13800
8696
6460
5471
14094
18482
17536
8378
1676
17190
1562
2488
13438
6800
4129
8393
17836
7402
21318
18833
19745
10463
9751
12621
18696
3810
21404
5067
12261
17383
21176
18475
9510
18440
5346
1765
1017
20283
10264
17476
8845
10394
3984
15699
6414
3653
718
3026
3882
11019
16798
2493
18397
12202
3257
18579
5418
3342
15920
4996
6409
20782
21018
3423
21154
7428
12248
16738
19250
17210
2726
13557
14342
695
18950
10090
5673
17642
4972
16376
13497
21214
2073
125
20845
11089
4642
14824
19823
10953
3819
11916
15634
13894
4882
21147
6690
18554
4333
14146
3038
2273
1989
18805
5858
18180
15963
16409
4481
999
820
6009
7364
15166
5370
10907
15609
13256
4446
20402
23
4497
13213
413
584
12769
20905
5268
18831
13974
13421
4527
10088
20267
20380
9421
14742
6613
17132
9112
20424
16561
10204
11364
7176
1096
9576
21477
5927
15976
6333
10820
9993
15749
3598
9272
11001
9947
11035
14162
7394
17199
18824
2245
4480
10172
6755
9801
12303
4834
15045
3310
14364
5581
8949
14809
20788
7096
5166
4672
5189
11881
14665
2282
10859
17387
14692
6522
2466
12073
17029
10891
14279
10504
7420
21506
18772
4432
21048
17812
14336
10716
10020
4357
2147
9787
20747
20898
21109
6978
16823
4744
15619
11754
8864
17124
6014
9741
15974
1704
21429
2061
2850
4762
5755
6224
7817
10249
17864
15247
19430
6904
16805
2827
2649
14864
11456
12641
2615
17805
17156
943
14453
11193
19215
18474
9441
15571
10562
4355
14672
15608
14429
4108
6171
6722
11945
17912
17790
8038
15017
16235
14770
8022
20314
1181
13785
4239
12927
2996
7750
6464
16569
7612
9130
9113
12496
8417
19404
19701
18471
1699
9812
7019
13758
13109
17385
19202
11968
11119
19060
18036
8567
1032
15751
18677
7828
5198
1829
8111
3905
2831
5405
11492
3222
19477
19096
20080
14373
3058
239
14041
13939
18477
8510
8758
11153
8619
2083
7876
4219
14725
286
18487
18138
15238
19212
12884
13417
7896
1344
14089
2691
6029
12997
8073
1417
21455
7968
13667
484
12318
5741
8220
3160
16670
20588
18270
18091
4093
11008
10776
3468
10720
4779
5826
10419
3440
20282
10308
12648
15014
12680
18653
1645
602
11221
5096
13166
7785
944
977
19348
4810
290
20615
1130
4971
8305
332
7449
12075
12475
5477
13698
18737
20622
15804
16263
1483
11692
11107
2923
5706
7250
16367
3668
10715
15335
5926
8997
13583
774
11551
18628
8945
18706
19634
13700
6110
4428
6491
17147
1241
3872
9861
6927
16353
17425
442
16554
8208
13606
2486
9694
18456
11827
18226
15121
12883
20568
18418
3533
4074
20975
16613
16197
5759
9202
12799
7570
7834
18237
8004
1401
14253
14014
2015
754
8187
20853
11651
20459
7005
5128
11098
2411
7630
6655
18863
18136
15228
15133
19928
21136
4507
2767
15802
19605
19606
2616
12600
17139
2952
7483
3367
9150
9838
18891
18007
18663
15408
1887
370
6797
5061
15767
10108
20838
1463
7018
15074
7861
196
14386
11388
1393
7094
8461
6313
14745
7935
12592
12657
16022
13194
13652
8396
13370
575
16273
1519
17891
1402
3993
15431
4259
8193
9075
12362
11770
1204
3855
20210
7609
14264
2570
8743
642
9230
15752
9540
4943
17587
2611
5510
17489
14932
2048
20306
17057
2382
2859
11176
1185
10028
207
