19574
20042
6656
17903
14213
12312
16040
3720
14443
15156
11105
15548
19912
6059
11207
19975
20933
3144
11344
12848
19188
3756
21066
20127
1920
12154
9189
19152
10638
17762
15867
17240
9107
14762
264
17657
326
5251
19098
13580
8933
10224
781
20632
9996
20241
18664
14065
20489
13676
7979
8171
9263
16745
786
15989
14574
4517
6068
11970
14513
20688
16204
12815
17815
4907
6165
17325
14754
5644
890
3750
5314
11273
5031
15077
327
8714
11889
166
12970
4105
8363
14000
16371
12662
5519
2142
2092
6986
14251
88
5232
19199
19061
15265
7752
11732
15508
13401
13541
5287
5275
8909
19272
19759
15314
15141
12230
190
13199
17233
15594
10331
12204
21125
20864
8162
13212
17105
21056
9286
12693
12922
14911
8988
18681
19554
5446
14941
18409
13060
13486
18975
17320
12739
16892
2737
15661
13319
3843
1677
10522
21457
14987
16780
4268
19006
6419
20298
21204
7448
15987
8868
14170
15852
4757
615
3572
20162
18708
12266
20861
4896
11915
4541
9922
7134
2751
4670
14830
9109
9185
10812
9346
21486
16726
12796
16147
15487
18325
17234
6980
5797
14945
14999
18289
16021
3464
6205
4840
15750
3223
19766
1466
1079
11625
2564
14917
14737
17517
11378
16993
9461
3958
9442
18986
10714
5617
5776
11783
13403
7465
1234
9608
19895
12423
7873
11911
19709
19919
4163
20725
18720
6651
16276
6458
4560
936
5469
7736
3956
6417
470
19309
21233
1755
17075
11963
9076
1348
12119
1377
5018
11764
10413
3944
3729
10919
18229
7270
4593
5814
11393
515
15566
2367
11510
20520
12844
21464
2841
6443
18228
10813
3307
16906
4889
21241
17123
3349
15112
9415
19126
17084
7215
6595
8653
10105
7988
9615
941
4476
18676
6895
4064
20544
487
7227
610
19571
14296
19143
8191
6976
1773
14681
12545
3594
670
19005
9287
1180
6728
16812
17579
8287
3830
6494
6285
2213
18430
10439
21279
4932
17469
6106
13045
17058
18525
20445
8242
19806
5846
11660
17480
7516
15988
21079
14392
17268
20619
3808
8327
13258
9646
11228
6377
15232
6033
8540
19363
14961
7496
775
776
17680
7823
15031
19680
9039
11749
1367
3877
14160
9505
13306
17538
10110
9408
11421
12874
5788
18058
19887
11801
12432
21073
8077
5868
1745
18552
14288
2179
13650
17664
4630
2193
1015
15226
11672
9350
7484
5753
12135
15006
20764
17523
3908
1637
15848
10654
12831
5097
13701
9614
17446
16646
11260
1368
514
10285
12499
8487
16138
2184
21193
5453
1610
7884
2626
11537
5223
13590
3379
3574
5375
14330
8563
1086
2267
9392
17505
20953
11017
1338
9203
6517
20392
18799
20394
11030
20170
1576
16773
399
8221
4956
2084
18252
12587
16520
7198
18261
5883
9096
3163
14614
12700
1104
8534
7951
13055
12632
8083
5980
20695
12795
15962
14974
7779
1380
14760
1332
2208
12349
6113
4122
20730
19079
6584
152
16177
18777
9349
8989
11488
16020
3835
18442
4973
11292
14806
2717
15667
8704
15638
5214
1470
794
19041
9250
14811
8112
9296
3980
13711
5854
3660
18927
2779
3878
9636
14322
18275
15447
11188
21317
15621
5234
3252
13755
4888
5824
9558
19798
3437
5317
18910
11160
21270
16171
14517
2464
12244
20461
607
15832
9032
20923
14759
4854
13991
12160
8106
1654
201
9730
9551
21013
12967
16439
19646
20927
10603
13393
12358
4739
6297
5906
20739
4154
12536
2727
2104
1633
17212
5359
14949
13529
13899
4244
782
721
5433
16968
13046
5129
9371
13296
11642
4182
16723
20753
4237
11592
390
537
11311
10578
5000
15271
12283
11735
16867
8797
16481
16539
8308
17650
5810
20036
8060
16701
13822
8877
9537
6107
806
8391
9040
5356
13346
5607
18788
8703
13205
3491
8114
9329
8676
9336
12299
6183
14142
15063
1812
4157
8738
5848
8554
10615
4545
12812
3030
12397
5177
7751
12633
17970
6045
4842
4298
4855
19965
12553
1880
17914
14159
12560
5638
2132
10147
13900
9190
12272
16625
6145
15522
14908
18965
15284
18916
12275
18132
16411
4036
1651
8389
5589
13034
14603
5873
13662
16311
20004
17031
18504
13828
5315
16700
13058
1342
6831
1607
2335
4295
17324
5414
6335
8618
14204
12675
15046
5800
13499
2278
18059
12477
21346
10616
2180
14145
13714
743
12186
21272
14905
14500
7998
16388
8713
3965
16744
12816
19139
21293
5341
5637
9525
14112
14067
20249
12473
13042
12295
6404
5336
877
11423
3871
10730
2352
16471
19453
13158
6127
7522
7513
10121
6680
17334
20407
14306
1328
8145
5791
19695
10917
16060
14685
9417
9018
14594
14057
6820
18497
12694
14338
6175
4635
19344
6371
3591
19537
19782
16223
2559
14723
14506
20277
18647
2350
314
19201
11356
16675
6590
6962
8908
6682
1473
6148
3754
11922
20883
15722
13953
12342
14471
10282
20974
6137
950
11369
2156
15896
10373
6233
1055
13350
6151
17137
447
19659
4991
6323
2368
12957
17948
13915
13756
3636
8688
8552
2771
8516
4104
19271
8188
20313
13970
8146
17230
20987
9684
14047
1197
18116
8717
4305
14936
21345
733
736
18323
4096
14972
3969
16864
4171
18744
334
5808
21043
19065
16969
10918
20239
18593
12391
17728
1056
8990
8611
2190
17179
5636
12607
3066
8296
12055
5017
18782
19772
603
8802
13777
21478
16006
14244
10685
5154
18469
5295
12896
833
19762
7566
5444
16944
13028
385
12606
6126
10512
19860
7486
20698
21148
13380
11607
9513
12262
13436
2699
3494
18447
12575
14958
16330
6841
18393
5780
5869
18709
5940
15308
11077
14476
1349
593
6081
21183
17326
13634
5420
16418
8316
17046
20754
17589
21156
13156
11504
11450
14139
8791
3731
2115
11936
18508
13951
18867
9275
12638
2163
17712
2361
21469
7452
13434
13031
16523
11521
1275
350
21391
16195
16737
7492
7803
14231
16917
21310
5794
270
19534
18588
935
17980
6075
18154
11127
19834
21213
19920
18465
14666
9835
16333
14321
18948
14755
1001
18157
15556
18300
11391
14293
18494
19370
8878
14787
780
2878
16298
5577
19252
1702
15347
511
15533
11479
20654
3939
12609
13712
4325
12569
14229
18213
11669
21459
1612
18224
8015
777
7190
276
