19632
20115
6582
17895
14175
12209
16018
3626
14410
15189
10849
15523
19969
5982
11064
20081
20924
2985
11278
12824
19254
3692
21118
20251
1869
12038
9119
21343
10506
17851
15865
17282
9061
14803
192
17713
306
5230
19226
13558
8886
10034
788
20701
9864
20336
18755
14072
20626
13663
7871
8137
9219
16777
798
16041
14654
4347
6051
11933
14610
20749
16220
12819
17992
4844
6153
17455
14820
5628
898
3688
5277
11231
4994
15202
312
8700
11862
142
12972
4019
8309
14058
16421
12713
5498
2137
2050
6939
14315
1
5184
19526
19296
15429
7614
11772
15666
13483
13638
5271
5267
8931
19623
20019
15544
15344
12221
159
13241
17386
15789
10325
21461
12226
139
8153
13280
17238
8157
9285
12783
12982
15037
9006
18981
19911
5447
15084
18652
13118
13599
19335
17597
12826
17069
2673
15991
13399
3767
1692
10584
16247
15194
16966
4195
19422
6451
3783
14965
7348
16210
8914
14302
16148
4690
623
3537
14308
19120
12316
13027
4873
12031
4452
21244
7103
2703
4641
15040
9207
9232
21413
9383
20533
20644
12875
16374
15850
18668
17599
6990
5831
21435
15279
18640
16296
3378
6282
4808
20549
3199
20329
1485
1103
11819
2562
15132
14976
17999
11470
17272
9599
3917
9563
19560
10836
5683
5803
12020
13673
7490
1244
9756
17025
12562
7946
12116
18034
11052
4158
11999
19285
6839
16697
6594
4540
955
5520
7845
3911
6498
479
19944
16277
1837
17411
12172
21177
1371
12282
1400
5036
12057
10632
3909
3714
11109
18707
7377
4577
5891
11554
519
16137
2371
11761
12389
13023
14553
2862
6596
18721
11095
3327
17274
4908
18363
17614
3372
15721
9612
19837
17552
20610
6862
8754
10440
8087
9924
974
4501
19367
7082
4065
10633
502
7441
618
17164
14712
6639
8422
7163
1875
15029
12745
3601
703
10477
20447
1223
6970
17260
18288
8530
3836
6716
6433
2289
19121
10744
2102
4976
18230
6214
13326
17618
19288
9198
19599
3512
5972
12104
18262
7675
16567
14393
14828
20132
20791
3842
8593
13674
10156
11386
6585
16023
6116
8727
21326
15604
7664
787
21242
18480
8055
15765
17619
9282
12210
1464
19940
14640
9899
13723
18364
10605
9699
11859
13175
5892
18797
13057
12265
12740
17818
8249
6064
1838
19849
14795
2191
14106
18518
4697
2226
1100
16122
12207
9617
7678
5881
12481
15825
2129
18437
3949
1689
16612
11164
13154
5192
14171
10221
18394
17294
11489
1467
524
10802
12837
8735
16848
2205
18592
5612
1644
8128
2701
20149
21028
14135
19514
3632
5501
14935
8887
1178
2356
9792
18495
15402
11334
1374
9427
6960
13567
10698
10707
11342
9215
1634
17526
392
8612
5107
19076
9716
12974
17305
7499
16234
6108
9385
3299
15214
20710
1198
18860
8177
13592
20503
8438
6164
5415
13170
16846
16003
8133
1492
15582
1373
2311
12810
6390
4198
18632
16228
7071
20760
17043
17676
9783
9327
12149
16963
3932
14799
5158
11683
15732
2847
16770
9147
16741
5308
1622
896
18163
9561
15780
20920
9633
4088
14341
6100
3761
637
2986
3966
10583
15042
2298
16602
20723
3336
16766
5325
18892
14424
5035
6089
10481
6531
3589
5479
6968
11559
20612
17138
15318
2640
12762
13182
19697
16952
19616
5466
18468
5003
14722
12691
8558
1830
180
10665
10514
4700
13588
17465
20771
3906
11315
14176
12891
4911
19580
6212
16531
4331
13026
2968
2166
1747
16751
5588
16209
14309
14682
4506
889
746
5695
6790
13776
20866
10134
14126
12463
4437
17925
72
18096
12407
18754
544
11979
11324
5224
16685
12857
12549
20058
9318
17647
17768
21245
13336
6111
19640
8577
17776
14695
9358
10613
6489
909
9001
9495
18939
14206
5905
9889
9270
14123
3641
8662
10113
9240
10122
12944
6657
15019
16492
20952
4424
18540
6155
9154
11383
20343
13521
3255
19865
5330
8298
13284
9183
6379
5076
20473
5098
11097
19033
2143
18842
15078
13163
6047
2195
11232
14804
20400
12954
9403
6624
17021
16305
4310
20369
15351
12963
9571
9193
4215
1864
9050
5946
13989
21301
6273
18110
4656
13841
10798
8147
21287
5570
9003
21211
20724
7530
20667
2632
17392
5402
5764
7110
19280
15281
13502
16722
20714
14585
2625
2341
13172
10432
18984
18987
20646
14764
790
12961
19755
16431
15853
8661
13693
9364
4173
13025
13709
12905
3985
5684
6076
10838
15195
15105
7247
13196
14104
13054
7224
5653
19753
12500
18463
11659
2683
6928
5875
14276
18171
8237
8228
11327
7550
16464
20070
20880
1396
8910
6170
12436
11836
14796
16248
20254
9695
16160
15176
7590
861
13681
15818
6932
19552
1497
7228
3799
2537
5170
10138
2971
16378
19109
16837
12779
18921
300
12538
18035
21395
7533
7905
9622
7589
1681
6929
4020
12919
323
15484
15118
18299
16127
11436
12025
17133
1112
12533
20276
5464
11530
7114
1208
14691
6956
20797
20015
21381
5300
7287
2785
14132
2648
15134
20465
20025
9431
9338
17649
9317
18018
5329
9126
3220
20378
9048
11282
13010
11285
15412
1363
540
9539
4829
11580
19672
783
19318
19748
4509
16866
4311
904
4683
16990
336
6330
20663
11080
18516
12121
15379
174
13397
13702
1224
20488
9426
2532
5262
6159
13724
3543
9256
13088
5347
7937
11941
20536
20214
15211
20031
15260
16072
12051
20720
19720
5746
14210
997
3662
8648
21383
13678
14391
18013
13791
18583
11903
2153
8515
15030
10052
14909
12938
11276
19539
14988
3246
3826
1630
13782
13437
5250
8006
11189
6365
6516
14837
6672
1161
12331
12147
1615
622
6952
16587
9664
15131
16321
4720
9332
19844
17623
5785
16152
14743
12901
12856
16061
17245
18315
2291
17596
15692
15684
2185
10818
14074
2377
18165
2949
7880
8504
20717
21330
14984
17474
1478
353
20250
20082
13110
8624
8895
18846
5910
12774
6452
225
12297
18286
1113
5950
7033
5478
12540
6483
10683
10786
19818
18203
11570
16787
11371
518
13281
1202
14365
15839
3700
20434
3884
17122
16910
18208
20257
907
3590
5303
6254
12130
2167
7299
541
7795
13012
8105
4380
14143
2170
4998
14100
12554
1581
18643
13716
2065
16074
19971
902
8427
256
