19674
20152
6154
17858
13799
11162
15837
2896
14125
15157
9840
15458
20090
5490
9936
20202
21023
2525
10207
12040
19425
2981
21246
20338
1771
11046
8382
19455
9601
17955
15841
17418
8335
14713
85
17884
158
4459
19463
13134
8148
9354
804
20896
9267
20551
19052
13734
20836
13279
7155
7440
8550
16835
836
16063
14528
3674
5600
11033
14490
21077
16288
12148
18220
4063
5817
17755
14861
5157
922
3012
4639
10275
4231
15417
169
8047
11023
34
12462
3384
7692
13832
16620
12074
5006
1928
1834
6537
14294
6
4467
19980
19820
15718
7132
11027
15928
13255
13406
4649
4636
8325
20171
20601
15833
15691
11465
49
13029
17904
16079
9686
11462
11496
30
7608
13093
17729
7629
8782
12264
12610
15388
8445
19653
20579
4993
15488
19317
12900
13498
20035
18177
12392
17554
2431
16337
13325
3172
1715
9915
16650
15670
17457
3635
20179
6272
3184
15364
6921
16631
8423
21446
16565
4012
621
2898
14520
19955
11751
12845
4205
11424
3832
9644
6766
2479
3971
15570
8788
8834
10247
9120
2912
17591
12634
16943
16402
19579
18396
6760
5529
15827
15935
19570
16911
2843
6134
4150
16714
2747
2752
1540
1133
11335
2394
15836
15583
18859
11018
18150
9433
3364
9422
20613
10322
5377
5531
11543
13840
7164
1298
9610
21503
12235
7523
11654
19004
10430
3654
11558
20463
6676
17462
6535
3947
1029
5228
7471
21425
6470
374
21199
17111
1842
18503
11795
8962
1439
11939
1504
4495
11687
10248
3391
3180
10614
19994
7105
4006
5733
11280
456
16975
2345
11471
12138
13151
15188
2620
6608
20091
10622
2873
18464
4356
19647
18832
2895
16677
9626
2883
18796
7149
6779
8572
10170
7810
9885
1059
3977
20855
6967
3629
10361
397
7204
630
18400
15524
6688
8198
7052
1905
16058
12789
3084
690
10259
9428
1281
6945
18625
19730
8315
3368
6783
6507
2286
20757
10532
1973
4488
19719
6291
13842
19092
20992
9118
8343
3007
5928
11965
19808
7591
17833
15300
15899
19567
51
3397
8454
14298
21228
11302
6710
17247
6186
8660
1925
16902
7615
857
870
20196
7900
17063
19255
9311
12193
1559
3483
15651
10062
14499
20124
10521
9950
11846
13798
5912
20719
13613
12317
13020
19557
8245
6086
1918
6807
16026
2207
15010
20423
4258
2293
1171
17530
12279
9931
7711
5918
12668
17290
2067
20353
3564
1818
18186
11081
13868
4846
15227
21220
20377
19145
11636
1596
480
10832
13311
8838
18555
2279
20684
5591
1779
8142
2635
12268
5066
21112
3078
3224
5468
16405
8994
1267
2422
10179
20645
17110
11446
1526
9834
7165
14543
10837
10853
11497
9430
1768
19600
347
8725
4783
2100
10174
13696
19408
7638
18012
6338
9808
3006
17010
14021
1305
9074
8356
14674
13881
8576
6461
5371
14157
18826
17801
8270
1664
17434
1534
2415
13466
6745
3972
8286
18135
7319
31
19168
20018
10326
9752
12544
19054
3638
16525
4898
12133
17679
2780
18834
9463
18795
5225
1760
1023
20592
10175
17766
8748
10283
3852
15950
6411
3481
21207
2868
3721
10913
17036
2423
18763
12083
21092
18958
5313
3162
16136
4832
6412
10886
7024
3242
21099
7362
12141
16970
19585
17498
2665
13627
14485
673
19311
10038
20989
17967
4807
16611
13565
8900
1994
73
11138
10994
4470
15032
20155
10865
3659
11792
15915
13980
4714
7249
6703
18964
4175
14269
2882
2242
1946
19200
5805
18556
16190
16654
4308
1010
813
5960
7305
15443
5270
10835
15901
13318
4270
20789
9
4324
13271
362
560
12721
11940
5145
19242
14066
13505
4358
10056
20638
20776
21074
14953
6622
17437
9077
20830
16852
10168
11266
7131
1088
9591
10415
21144
16231
6352
10777
9990
16070
3426
9233
10938
9966
10963
14318
7350
17542
19260
2221
4315
10165
6764
9853
12241
4677
15329
3143
14566
5515
8905
15061
9906
7069
5023
4515
5053
11791
14873
2256
10833
17784
14913
6552
2417
11997
17345
10856
14478
10428
7388
21149
19236
4267
19915
18227
14542
10689
10026
4208
2090
20886
6509
16102
18783
6988
17174
4586
15967
11686
8825
17475
5987
21061
16269
1724
8219
1993
2778
4607
5710
6229
7806
10235
18297
15592
19890
6912
17160
2763
2597
15158
11417
12667
2560
18243
17532
963
14714
11130
19675
18978
9488
21408
10508
4214
14919
15978
14694
3986
6197
6763
11894
18353
18240
8024
15341
16558
15057
8014
6199
1195
14005
4116
12993
2872
7754
6528
16941
7654
9136
9123
12505
8392
19910
20167
18998
1722
9905
7044
13987
13219
17845
19693
11919
11115
19553
18528
8519
1039
16157
19222
7836
5084
1819
8118
3789
2773
5343
11480
3073
19979
19597
20586
14651
2921
187
14240
14130
19030
8471
8761
11143
8578
2025
7885
4106
20966
229
19048
18661
15633
19731
12966
13595
7904
1360
14317
2642
6037
13099
8081
1460
17890
7980
13895
440
12329
5722
8266
3020
17066
2908
18823
18633
3983
11021
10810
3320
10756
4647
5827
10425
3290
19053
10327
12734
15394
12763
19245
1663
582
11203
4990
13339
7814
970
996
19913
4684
236
4518
1157
4859
8326
296
7479
21000
12523
5452
13955
19342
75
16264
16676
1510
11716
11141
2845
20829
7269
16791
3544
10766
15794
5964
9021
13826
763
11578
19253
8975
19331
20199
13972
6158
4299
6583
17636
1261
3758
9986
6982
16785
17962
396
17018
8279
13866
2449
9829
19088
11858
18827
15579
13014
16384
19046
3392
3978
2014
17095
16615
5758
9257
12902
7646
7881
18849
8045
1449
14581
14281
1982
761
8261
238
11700
19467
7073
5037
11158
2425
7722
6746
19507
18752
15701
15610
20559
11950
4392
2750
16310
20213
20215
2583
12726
17663
2869
7544
3234
9216
9998
19551
18615
19343
15913
1897
335
6860
4975
16291
10209
10568
1489
7098
15552
7919
143
14771
11451
1441
7150
8490
6406
15160
7982
12730
12814
16489
13440
13961
8440
20982
558
16762
1542
18507
1455
3926
15957
4172
8292
9163
12450
11837
1222
3751
6080
7721
14639
2569
8811
624
9322
16302
9672
4851
18202
2585
5526
18106
15398
2005
16731
17609
2404
2819
11245
1211
10163
153
17396
1287
16811
11059
10231
21252
11359
14758
20994
16642
8639
20650
3109
3992
3418
17113
2276
5493
16360
6125
17774
808
6961
6342
2652
7657
9523
955
20223
18603
20054
3491
875
2925
7382
11145
19189
13010
9922
1759
19339
7096
7559
12772
14885
4050
12046
17245
20446
234
16802
4207
2328
14074
5583
21453
13178
10796
586
5872
728
18357
2678
1052
21455
14217
18239
21378
8012
12675
11537
847
9691
19396
4911
13856
18662
932
2787
2050
8368
19812
7435
14805
14351
507
19318
10894
14218
925
18713
671
15868
10741
5433
10307
10869
1773
18686
11510
1209
13727
12800
1487
8931
13089
16524
7992
15777
17815
12612
7296
19013
21484
1297
21133
16695
16171
1165
18504
14712
18402
10920
21256
16985
16108
10831
15870
1190
9335
20501
15076
14379
117
20907
12145
5785
1125
7697
10800
5112
19227
8910
14276
3581
4927
483
6694
8410
2214
20863
185
19739
16377
10198
19012
9521
10398
16935
3269
10608
8821
6751
9115
838
4951
2099
7386
13378
8645
1469
13974
17341
17634
1812
266
8605
19786
10146
20219
10059
2501
11390
4864
14739
15973
9140
9532
8165
18334
11452
14038
6750
1927
19051
13630
305
2298
17217
21056
8161
8777
13474
3703
17020
18624
16206
10212
5166
13544
19101
19905
1062
7761
16359
11118
6178
8163
20929
17224
21217
13232
12107
6341
20017
16812
12325
2801
17661
11702
16205
572
5198
15342
16825
10617
12931
9890
11793
2035
17057
8157
15657
19280
5379
16803
13244
16178
3772
15289
14907
15228
6737
1166
13659
842
13033
6067
7967
18699
13752
14527
14518
4619
8275
11560
21047
12036
18582
7111
5140
14451
4421
8971
14086
13626
3653
14803
6606
7129
15959
7373
5727
5271
545
20931
15100
12762
1103
10661
1775
5464
26
20607
16111
2715
12109
7260
13703
7395
16183
19943
9764
1591
2717
18067
14414
17658
18255
9641
1349
14538
5492
6595
7775
6678
1991
11734
15267
10437
5542
20648
18077
18595
10522
15456
15473
16915
18983
8531
12202
4443
17334
18715
11770
13290
1318
4933
10265
10385
15401
5402
21114
11246
8690
17357
2252
6377
14937
11019
3623
13739
2123
5816
14592
915
2193
8415
12019
3974
10096
20617
1855
9476
17744
20305
5572
1151
17821
2978
6391
13705
5691
8552
9816
4860
7250
1393
7261
19785
3826
17547
2266
3906
14693
5438
4227
11721
1697
9494
6152
17917
4256
10480
285
10595
20783
21035
11389
9005
12383
20944
13123
6494
3186
4259
7484
13541
3149
8115
5277
7026
2275
5895
2655
9206
14779
1082
7887
16905
20399
9167
19244
21307
9574
19772
5936
3642
15512
17482
6285
18354
18370
16209
7083
13560
5397
19221
2436
6482
12618
4855
18635
20797
7241
12205
12099
17673
12648
17367
18502
11407
14973
7861
2838
18951
4871
447
4567
4741
11152
13284
9991
2317
12898
12569
5120
4725
7081
6156
20940
4577
9223
16789
5138
9222
16711
6615
10122
15455
3599
19880
19150
10358
21369
11273
750
19100
243
21296
14863
3777
5946
8946
7834
13149
12286
14583
20993
2885
1079
19107
513
18419
7335
13969
11388
5680
228
8427
12284
96
13269
2313
18039
2020
11303
5026
11617
19039
14536
8086
21496
13432
9357
5910
21004
14686
15416
16270
6655
17803
6167
13957
3865
19506
3377
3404
12542
14660
18751
15340
3321
5596
20555
21315
3025
21402
16328
13444
7494
17647
11395
9377
12692
14776
2911
8108
9142
11136
8172
19908
14964
3759
2169
14833
2295
19896
15515
8138
5547
19072
5074
2395
10863
13425
7461
2932
20979
1380
12004
3883
11241
2941
16418
6565
9484
3781
10347
9861
2822
15002
218
20657
2264
10687
10860
417
3001
11076
15020
13165
15243
21318
11664
14076
8360
19718
1712
10926
7535
7714
6472
19823
14848
15511
17994
13261
13760
18815
2578
18903
18943
1747
16778
15053
11699
6064
272
6425
19970
4348
9394
160
15436
15727
2365
3848
19855
17945
106
20374
8080
20376
7898
3527
5036
18145
7445
5953
15311
20112
3792
19840
370
14251
10667
7771
9910
19648
9820
19383
14842
13583
9817
20089
15498
6871
20713
12354
2572
3568
12622
3347
7181
4382
16412
20970
3124
20238
15176
16289
4992
2331
2634
8313
7252
2870
10303
14780
2176
7324
4408
17772
2107
16622
16747
534
15161
5444
2989
1955
14088
9035
20724
12197
2629
1597
13130
15710
7392
15814
16046
17114
20426
1898
17467
5713
6038
16149
11613
13113
12750
4516
12066
9621
11473
16074
9787
1623
9173
11833
18072
950
16176
1733
5358
16753
18162
1622
20703
845
21437
3715
11214
21293
8646
10929
10674
5029
3264
14378
4073
11585
18045
4088
16429
6101
21005
21261
3634
4429
18907
3813
19187
18374
4314
7092
1903
17119
19651
11291
11660
13820
11328
3222
10464
9849
21304
8927
8364
1520
18300
6176
8139
7786
13672
11678
2972
6752
11193
14983
17449
14563
8577
404
17743
2465
19646
1274
16295
7016
7918
19055
10609
12421
6544
2028
19409
13186
20109
7207
10482
10936
10710
10826
20407
1235
1175
17667
11528
16239
11308
6601
20333
1356
13770
1077
17075
16193
3329
16054
8864
4958
11332
13448
11946
13233
4798
18742
18299
13757
5317
19140
1047
11772
12904
15190
14682
16544
16265
20577
3381
19319
21159
15056
1809
17594
15736
12365
12495
17717
16100
9801
14310
15339
5338
14034
11219
17507
554
13333
13597
11212
16368
5788
3742
20701
321
2251
1255
15807
2607
21482
17517
14399
9838
5427
2117
16617
13943
15796
19868
20568
7893
6504
17005
3432
7183
20222
17727
16490
18893
12075
2381
18139
2443
10899
3533
19368
13747
4991
15640
7334
17373
2675
17692
17677
16826
10419
16185
18314
11063
7726
3667
17300
4580
18489
12887
19828
18673
3041
20416
12769
530
8277
3956
12134
18044
11287
2811
7143
1043
2261
14196
20696
18748
1183
19040
21234
19596
14155
14942
17196
13927
4791
9634
14812
8
1639
15180
5737
6798
12686
20549
1350
5185
13879
998
6555
17456
4455
11173
3732
19528
9802
16016
12442
20946
13418
15182
2864
5333
5085
6941
5094
16698
14344
16675
14332
14053
19190
3160
14951
18614
5189
1675
21414
6486
18567
19928
8553
13651
17340
16268
14322
12615
16436
3113
20354
5364
2433
21409
13124
21427
15611
3864
12995
15352
20948
7457
10257
7567
2567
19847
13369
20660
8181
19501
16552
1509
21323
2139
4322
917
1186
10390
1914
8145
2351
18013
188
9408
14738
17752
15131
18957
3154
6066
8559
12669
13436
3874
15556
20476
12825
2726
12998
2963
11239
11933
2931
10426
11112
11735
16357
10258
4775
5803
16447
8712
13554
18412
11137
9578
9663
1821
18627
3870
10352
2628
4676
3575
12830
2013
5443
84
4379
14530
19636
14473
12058
7787
6653
4554
14829
4044
4363
12712
9640
11443
8399
12872
12112
9739
5783
14202
16369
12935
9790
13804
18923
13383
19305
18456
14767
2826
3398
18114
9302
7156
6309
9190
18046
10318
17764
21062
20093
104
9350
7308
2667
10007
15563
797
13819
13730
20356
5330
2611
17936
12453
11705
5866
4166
15871
10970
17511
11647
3886
15856
12704
20739
2666
407
13707
1875
1630
3786
19064
12866
19118
7504
15744
5213
9236
3851
14430
10851
4174
3815
1116
6677
12027
3357
114
21107
3673
16048
7684
1814
17197
10225
20226
5506
15036
2800
4387
21108
17237
12469
8357
17325
18262
12119
1604
8592
6983
19219
20197
4977
13986
3048
6090
5719
13115
8802
375
14009
6312
12760
6851
8835
21176
3779
4996
16787
2301
15821
11036
4521
11070
20195
1984
12990
2183
16428
21424
10786
9359
2447
16164
15205
21209
4493
18380
13508
20021
18361
17569
1503
1302
18125
3223
17567
20990
5750
743
7719
11802
4745
444
5473
21152
13841
10195
3549
12929
19946
10811
8522
17957
8882
12104
11007
13163
18179
651
6270
15480
4104
7590
15117
422
12467
11058
11408
11401
13897
14464
1519
14018
16460
13693
12976
18769
15939
18206
5281
11034
20286
8527
6033
4373
3502
16002
18959
3644
6524
8854
7964
16248
16441
8672
20924
12980
14392
18417
19117
18820
20964
17583
18650
18492
11518
3763
1388
7823
249
18982
14238
15431
19304
15690
9913
17168
19392
14680
21155
18284
7422
4776
521
20254
4059
6023
5415
5639
14435
8068
13141
18211
9689
3633
10952
12903
7408
18522
9810
707
11629
15643
20042
2998
18505
17696
2549
15102
17806
12353
14342
21385
21128
640
7483
3603
5064
3840
19332
17152
1188
7868
5944
8241
6346
4558
7139
9387
376
565
12826
15770
14769
14663
15014
17549
14906
8042
11079
15250
17759
2166
3640
14740
2103
11975
20672
16561
12809
20259
4351
2546
9831
13042
11973
18568
12376
5590
15463
14807
15749
10635
145
8881
18291
14600
20614
15965
5426
21183
2530
11374
15598
14759
11995
2037
16400
17698
9081
3406
7703
18574
18836
10196
399
5376
12435
17695
12391
10343
12766
18216
13567
6479
7456
5738
16740
7886
135
1555
4007
12779
8624
8155
10762
886
12532
21406
14071
10564
1252
10903
9581
8664
13328
7772
17282
4409
8659
15060
17992
14804
19160
16294
9138
2792
10727
3043
5855
15033
14517
15996
20118
6133
9469
3542
21448
19775
5557
2074
16644
13166
16232
18137
17966
381
7528
19757
9750
14472
1148
17732
6632
7826
18264
10091
6432
11984
19993
17050
20132
15376
16976
7210
20908
6566
7593
11517
12913
3930
18531
524
5109
5740
17761
11508
19297
21242
2871
8681
20068
1169
7827
10372
9317
11477
7084
20296
19677
152
10909
2917
8683
19670
19540
2010
1849
18296
475
16998
11080
12559
9669
4685
17320
10846
11645
10140
20803
14488
9783
5754
3914
8379
11630
12347
11989
13663
3918
20002
9251
5870
19152
15569
2450
8923
17596
2754
7764
19057
17618
21377
3778
11859
21267
11991
19661
16818
8612
17203
14092
14340
8204
663
16769
6426
10735
711
14289
16529
2230
4662
4824
156
19706
7770
13127
6031
8428
15261
8630
6409
14640
18439
7774
12796
10010
2429
943
703
18168
19537
14695
4186
20791
6646
536
12162
9283
20875
6443
1300
1593
17879
14466
18096
16822
20173
19254
14753
7723
7109
19568
9538
934
20325
14553
15442
20383
817
8563
1808
5103
17612
16281
18835
2448
10279
15684
18252
17343
2960
949
15685
18850
7228
13620
1096
3193
7198
4608
7854
6179
2412
6879
11228
14296
10151
20926
17622
10084
16391
14487
13164
1162
14396
4615
2216
15150
18495
6648
1628
19866
8272
3678
1092
14912
5878
6298
18533
6449
13056
19821
6843
14367
14585
5860
4896
12839
13622
13472
8224
2897
20735
8933
17484
19936
8521
12431
7808
1236
1953
20626
17641
17108
2716
3750
18788
4723
15703
3414
17798
19792
16197
5786
16543
10227
11960
571
7682
10566
19800
9499
10603
1027
13306
11420
2840
9791
14881
7668
5924
9279
12170
12187
9419
11918
6803
6244
773
16403
9721
9099
2457
8359
4072
15509
15035
15729
18009
4530
21132
3013
5488
4500
11253
2245
11569
702
11719
19358
9069
8282
2362
13850
13338
9348
5176
12332
2226
5801
11619
19459
8278
14629
6302
14533
2239
777
5948
15149
15437
713
15324
9011
4235
19063
2672
8397
1528
16145
10110
1958
16518
7390
20454
18591
17310
19265
16341
4961
11667
9037
9784
10822
16080
18790
5424
7380
5757
16078
7979
7998
7596
11191
10695
19333
20083
19996
10147
12858
20312
19402
14982
4466
18118
8897
119
3129
17256
10023
19660
6790
14095
8448
5323
2534
15435
7246
14797
19836
9438
6386
15927
13066
14144
11091
8827
15200
17154
12807
13285
10148
21100
15669
1219
16457
13499
1507
1872
15159
2280
14559
19191
15399
19711
21275
9059
18470
3421
89
2200
9358
21137
10181
13248
21213
9995
19865
13480
10222
4595
4061
11936
17128
17439
7151
2714
13564
9052
4697
15393
2689
11055
5063
17487
2701
16934
13068
5142
1122
20104
3047
3286
9493
21190
802
15665
5701
8944
7063
12223
16919
14824
7399
2587
5579
5196
4709
14524
12489
8436
6956
19934
5445
8750
7236
462
15898
2595
17472
10393
4826
740
21205
9211
6918
10578
20635
1517
13403
14547
696
19533
20644
10513
203
1582
8583
8341
20453
16091
3439
14070
1851
4098
16592
14894
3101
18246
15155
8213
20869
16421
15019
19665
15594
7530
19275
16781
16513
154
19230
8419
10519
16649
3141
14195
2093
14180
