20373
20869
6373
18495
14292
11561
16404
3000
14632
15702
10194
16015
20816
5689
10296
20935
21786
2617
10579
12479
20133
3090
22023
21083
1836
11452
8690
20171
9955
18618
16427
18063
8644
15259
88
18550
164
4625
20191
13625
8453
9705
834
21681
9616
21326
19771
14253
21624
13782
7426
7723
8875
17476
868
16676
15083
3815
5815
11456
15046
21888
16916
12616
18923
4220
6042
18444
15438
5357
958
3129
4819
10677
4397
16021
176
8363
11456
35
12953
3517
7996
14379
17278
12553
5205
2004
1907
6798
14864
6
4645
20779
20615
16349
7418
11471
16569
13789
13947
4837
4823
8662
20989
21438
16477
16330
11932
51
13562
18636
16737
10083
11933
11968
31
7921
13633
18461
7945
9145
12772
13133
16027
8797
20471
21437
5201
16135
20124
13440
14064
20876
18941
12913
18293
2533
17026
13888
3306
1788
10335
17357
16336
18200
3790
21039
6540
3320
16021
7218
17345
8785
15113
17278
4184
648
3023
15148
20819
12260
13402
4388
11920
3999
10064
7061
2588
4145
16252
9173
9221
10697
9521
3040
18366
13191
17692
17127
20446
19211
7060
5774
16531
16644
20442
17665
2970
6409
4336
17463
2870
2875
1610
1184
11845
2502
16551
16287
19712
11517
18973
9862
3516
9851
21552
10792
5623
5784
12071
14473
7493
1358
10051
18680
12798
7870
12192
19881
10913
3823
12094
21412
6986
18273
6839
4131
1077
5472
7820
3542
6773
391
22194
17914
1929
19374
12351
9385
1507
12504
1575
4708
12241
10734
3552
3332
11119
20947
7444
4197
6007
11820
478
17789
2458
12022
12722
13785
15920
2746
6928
21062
11136
3012
19359
4567
20601
19749
3036
17490
10096
3023
19714
7499
7111
8993
10670
8194
10371
1112
4173
21884
7311
3809
10874
417
7561
661
19314
16296
7021
8607
7404
2000
16860
13429
3239
725
10774
9901
1345
7294
19563
20725
8734
3538
7126
6837
2401
21810
11067
2073
4717
20723
6611
14548
20067
22066
9584
8770
3161
6232
12579
20826
7982
18752
16089
16719
20578
53
3573
8892
15040
10698
11889
7059
18145
6508
9112
2025
17785
8013
902
915
21256
8315
17959
20268
9801
12836
1641
3667
16478
10595
15267
21191
11079
10479
12476
14532
6227
21823
14339
12975
13716
20603
8686
6412
2021
7172
16887
2326
15818
21524
4488
2417
1234
18478
12944
10469
8129
6239
13356
18230
2179
21462
3758
1918
19180
11688
14628
5112
16062
10930
21497
20198
12277
1684
506
11430
14047
9327
19582
2405
21831
5901
1877
8595
2782
12952
5349
16077
3250
3404
5773
17324
9498
1338
2558
10751
21807
18073
12091
1612
10389
7570
15365
11451
11468
12149
9965
1869
20715
367
9222
5055
2219
10755
14479
20519
8076
19044
6702
10371
3179
17988
14828
1380
9597
8838
15522
14684
9072
6836
5682
14979
19919
18835
8750
1761
18449
1624
2556
14253
7140
4204
8771
19198
7748
32
20295
21195
10933
10326
13284
20178
3853
17502
5188
12851
18727
2945
19952
10025
19913
5536
1864
1084
21821
10783
18827
9271
10898
4082
16907
6796
3690
731
3040
3945
11571
18064
2570
19897
12814
3265
20106
5635
3354
17116
5125
6802
11549
7452
3440
5933
7812
12883
18008
20784
18571
2829
14464
15375
714
20500
10656
5936
19075
5104
17637
14404
9450
2118
78
11829
11677
4748
15967
21410
11542
3887
12528
16909
14854
5008
7703
7123
20153
4437
15166
3063
2383
2068
20410
6171
19727
17212
17706
4581
1074
865
6338
7768
16424
5605
11524
16913
14166
4542
22116
10
4601
14120
386
596
13537
12706
5476
20478
14971
14375
4639
10704
21970
22117
10039
15920
7050
18567
9665
22181
17946
10829
11999
7595
1159
10216
11094
6298
17292
6767
11482
10644
17123
3651
9839
11657
10621
11684
15261
7835
18699
20532
2368
4600
10838
7212
10506
13053
4988
16347
3352
15535
5882
9498
16065
10567
7541
5358
4817
5391
12581
15869
2408
11560
18979
15915
6993
2580
12806
18515
11588
15456
11133
7888
21487
20539
4557
21266
19464
15530
11416
10708
4495
2233
10525
6953
17202
20067
7466
18350
4901
17062
12487
9431
18675
6399
10483
17390
1843
8786
2131
2970
4925
6105
6661
8347
10945
19567
16675
21272
7392
18355
2955
2777
16216
12214
13552
2739
19519
18760
1030
15746
11910
21056
20311
10155
17049
11248
4511
15971
17106
15732
4268
6635
7241
12736
19654
19534
8593
16431
17735
16128
8584
6640
1280
15004
4410
13922
3078
8309
6995
18155
8203
9791
9778
13403
8996
21342
21620
20367
1846
10620
7553
14998
14175
19137
21119
12783
11921
20972
19873
9138
1115
17333
20622
8407
5455
1952
8710
4066
2976
5734
12321
3298
21444
21035
22099
15728
3136
201
15289
15171
20433
9096
9408
11967
9212
2175
8469
4410
16147
246
20463
20049
16796
21200
13932
14609
8494
1462
15386
2840
6488
14080
8686
1569
19232
8579
14938
473
13256
6152
8889
3248
18353
3127
20245
20042
4284
11855
11628
3571
11571
5000
6270
11218
3541
20503
11114
13704
16568
13737
20715
1791
627
12060
5372
14361
8413
1044
1073
21443
5044
254
4866
1246
5233
8969
319
8057
13017
13492
5874
15036
20841
80
17526
17971
1627
12628
12008
3067
6154
7836
18102
3821
11607
17029
6431
9728
14909
823
12486
20765
9680
20850
21787
15072
6643
4638
7102
19027
1360
4055
10776
7534
18114
19385
427
18368
8937
14967
2643
10610
20608
12802
20327
16821
14053
17692
20568
3663
4296
2175
18465
17947
6220
10000
13939
8261
8515
20366
8692
1566
15757
15434
2142
822
8929
257
12647
21045
7646
5445
12064
2622
8350
7294
21095
20279
16980
16883
22237
12926
4750
2975
17645
21868
21871
2794
13770
19112
3105
8164
3500
9974
10821
21162
20149
20938
17226
2054
362
7428
5387
17640
11055
11445
1613
7687
16844
8577
155
16000
12404
1561
7746
9198
6941
16426
8649
13795
13887
17870
14567
15132
9148
14771
604
18171
1672
20065
1578
4257
17303
4524
8992
9937
13503
12838
1326
4068
6595
8376
15881
2788
9560
677
10115
17690
10496
5265
19755
2805
5998
19653
16715
2176
18163
19117
2610
3060
12210
1315
11036
166
18892
1398
18258
12012
11114
496
12340
16033
5250
18081
9387
12581
3379
4339
3715
18598
2474
5970
17783
6658
19321
878
7568
6895
2883
8326
10355
1038
21992
20232
21812
3797
952
3181
8031
12125
20876
14154
10796
1913
21044
7722
8226
13900
16200
4408
13111
18772
22257
255
18292
4580
2535
15324
6079
18332
14351
11757
639
6396
793
19996
2917
1146
8106
15489
19872
5441
8730
13811
12572
923
10562
21139
5353
15103
20343
1016
3039
2235
9124
21601
8106
16144
15649
553
21068
11881
15507
1008
20413
732
17311
11718
5927
11245
11859
1935
20391
12561
1320
14982
13971
1623
9748
14288
18039
8725
17225
19451
13770
7967
20762
16586
1416
2410
18235
17662
1272
20213
16071
20104
11931
7762
18558
17601
11835
17343
1300
10203
498
16478
15717
128
10484
13277
6325
1230
8416
11809
5590
21025
9743
15613
3917
5389
528
7322
9200
2422
18976
202
21597
17920
11159
20805
10420
11380
18534
3578
11611
9656
7390
9978
917
5420
2298
8087
14648
9466
1608
15303
18992
19313
1984
291
9426
21675
11115
22151
11022
2741
12480
5330
16152
17505
10017
10447
8950
20096
12554
15389
7400
2113
20888
14944
334
2520
18881
9951
8950
9626
14779
4062
18670
20430
17779
11204
5667
14860
20959
21842
1165
8517
17954
12202
6781
8960
615
18908
692
14527
13292
6962
21979
18461
13534
3076
19396
12852
17798
628
5710
16854
18483
11664
14207
10866
12958
2236
18743
8964
17206
21189
5912
18469
14558
17783
4146
16808
16389
16743
7408
1282
15020
926
14333
6673
8762
20567
15127
15980
15971
5082
9104
12719
19586
13244
20448
7826
5657
15904
4866
9874
15505
14999
4021
16296
7273
7849
17571
8119
6306
5804
600
14616
16631
14056
1215
11743
1955
6020
29
15735
17751
2991
13343
8000
15101
8150
17836
21982
10763
1753
2995
19917
15891
19468
20128
10630
1488
16032
6056
7273
8576
7365
2196
12943
16841
11514
6114
9902
19946
20517
11611
17056
17075
18668
20951
9416
13468
4904
19135
20660
12994
14673
1455
5447
11335
11468
17007
5966
15316
12421
9598
19173
2487
7045
16502
12174
4003
15180
2346
6427
16125
1011
2424
9301
13285
4392
11160
18367
2051
10477
19619
9704
6162
1273
19708
3294
7069
15158
6295
9460
10858
5377
8021
1541
8033
21891
4233
19418
2508
4323
16261
6019
4679
12974
1879
10510
6810
19836
4712
11604
316
11733
8587
35
12614
9974
13716
1119
14537
7194
3529
4719
8292
15004
3489
8992
5848
7786
2521
6534
2943
10205
16383
1200
8744
18742
8861
10164
21338
17280
10617
21927
6584
4039
17205
19391
6972
20361
20380
17983
7858
15046
5989
21329
2704
7193
14004
5388
20684
13202
8038
13549
13432
19620
14043
19283
20545
12667
16628
8730
3151
21048
5411
496
5073
5267
12389
14759
11100
2574
14332
13967
5690
5251
7869
6842
17165
5087
10252
18663
5712
10253
18580
7356
11255
17186
4002
22109
21298
11520
2704
12540
835
21248
271
12842
16536
4202
6616
9955
8718
14633
13673
16231
7137
3212
1201
21270
571
20506
8166
15554
12680
6325
254
9384
13681
106
14779
2576
20095
2250
12592
5600
12944
21213
16197
9010
10965
14969
10428
6587
12164
16370
17184
18137
7419
19849
6875
15562
4309
21752
3766
3796
13988
16351
20915
17110
3704
6243
9471
18647
3375
14829
18219
15002
8362
19695
12717
10466
14166
16494
3249
9051
10207
12433
9124
22229
16709
4197
2422
16565
2563
22222
17329
9091
6197
21306
5669
2675
12137
15000
8337
3277
21580
1542
13416
4340
12565
3288
18353
7339
10603
4227
11568
11026
3155
16776
244
3964
2532
11953
12147
466
3357
12390
16804
14729
17055
3182
13052
15751
9356
22068
1916
12229
8434
8635
7245
22192
16623
17366
20148
14848
15408
21069
2887
21170
21216
1957
18793
16862
13105
6793
305
7198
3784
4872
10527
179
17299
17625
2651
4313
22256
20115
119
16119
9059
511
8855
3954
5647
20347
8349
6676
17172
319
4254
22255
415
15988
11967
8718
11119
22046
11019
21751
16657
15244
11019
1215
17396
7712
494
13870
2887
4006
14173
3758
8064
4920
18431
82
3508
20872
17047
18298
5608
2618
2959
9340
8148
3225
11578
16609
2445
8232
4954
19976
2369
18685
18827
600
17045
6121
3361
2198
15842
10160
8889
13718
2957
1796
14770
17673
8315
17792
18053
19256
9415
2136
19656
6429
6795
18175
13071
14760
14352
5084
13583
10831
12918
18099
11020
1827
10329
13326
20353
1070
18219
1952
6035
18872
20460
1828
12417
952
5811
4186
12637
1463
9745
12318
12031
5668
3679
16208
4592
13061
20345
4610
18525
6880
4197
11557
4099
4995
21326
4301
21644
20728
4867
8001
2147
19315
22174
12741
13158
15597
12785
3637
11811
11118
20488
10078
9443
1716
20662
6973
9191
8792
15440
13189
3356
7626
12643
16924
19711
16451
9690
456
20047
2785
22199
1440
18415
7929
8949
21538
11991
14041
7398
2293
21944
14908
35
8149
11853
12368
12112
12244
13018
1397
1329
19985
13042
18372
12793
7469
19953
1534
15583
1218
19324
18327
3768
18171
10033
5612
12829
15225
13524
14983
5432
21222
20722
15580
6021
21677
1186
13334
14617
17208
16632
18743
18428
10442
3831
21891
8952
17063
2050
19941
17836
14016
14163
20084
18253
11112
16224
17392
6052
15914
12723
19854
628
15122
15422
12718
18567
6566
4245
3766
364
2554
1424
17938
2959
2010
19881
16343
11166
6161
2403
18864
15830
17933
324
5649
8963
7385
19311
3897
8158
619
20135
18731
21462
13718
2705
20608
2775
12384
4014
22010
15623
5673
17776
8336
19747
3041
20113
20096
19130
11846
18403
20825
12581
8786
4170
19676
5209
21031
14659
3553
21243
3459
21290
14528
603
9418
4502
13809
20535
12846
3199
8131
1188
2574
16161
3745
21345
1347
21680
10962
15655
16120
17018
19585
15863
5457
10975
16873
9
1867
17295
6537
7746
14456
18790
1539
5910
15819
1138
7472
19898
5079
12738
4255
22265
11177
18263
14189
18992
15302
17316
3266
6083
5800
7918
5811
19050
16366
19026
16353
16036
21899
3607
17063
21245
5922
1912
5099
7404
21197
22047
9766
15587
19800
18577
16356
14407
18771
3556
8100
6127
2780
12597
14994
38
17837
4415
14849
17543
21206
8523
11723
8649
2934
17988
15283
6528
9353
16375
18926
1726
6322
2446
4943
1048
1356
11884
2190
9317
2689
20608
215
10764
16864
20313
17315
21694
3610
6943
9796
14502
15380
4434
17809
17143
14684
3121
14883
3393
12870
13666
3357
11941
12727
13442
18738
11751
5470
6649
18844
9982
15532
21099
12763
10977
11074
2087
21351
4436
11867
3013
5361
4099
14711
2309
6242
97
5021
16665
635
16600
13831
8932
7632
5225
17013
4640
5006
14586
11062
13131
9638
14773
13902
11178
6639
16303
18792
14850
11240
15850
21728
15368
22169
21196
16959
3245
3903
20807
10685
8221
7247
10559
20734
11855
20411
7283
6774
119
10746
8400
3065
11503
17890
916
15887
15786
19943
6128
3003
20626
14322
13461
6746
4791
18256
12619
20144
13399
4471
18242
14618
9747
3068
468
15774
2158
1876
4358
21944
14811
22008
8639
18127
6002
10634
4434
16617
12496
4807
4394
1285
7691
13854
3867
132
1838
4232
18490
8854
2090
19817
11784
18393
6346
17331
3228
5058
13414
19872
14375
9636
19977
21058
13975
1849
9909
8053
22167
11121
5741
16134
3517
7026
6599
15132
10157
432
16166
7284
14726
7908
10198
13028
4362
5767
19380
2657
18267
12743
5221
12784
16790
2292
15003
2521
18975
8885
12460
10812
2827
18675
17569
14777
5191
21241
15611
13029
21221
20307
1737
1505
20953
3726
20311
3749
6648
859
8926
13648
5488
513
6330
18104
16011
11794
4106
14958
9455
12509
9861
20780
10279
14008
12739
15235
21042
753
7258
17920
4752
8788
17503
489
14436
12805
13211
13204
16096
16753
1760
16239
19068
15863
15034
21747
18469
21096
6119
12786
730
9883
6993
5069
4059
18549
21978
4225
7564
10266
9234
18840
19066
10057
16313
15054
16693
21362
22176
21833
12605
20400
21639
21456
13366
4367
1610
9079
289
22033
16526
17913
3538
18214
11508
19933
21429
17046
14159
21233
8619
5547
605
7825
4714
6997
6290
6552
16772
9374
15269
21162
11260
4222
12728
14997
8611
21529
11404
822
13520
18186
14996
3486
21518
20578
2964
17563
20709
14367
16682
10215
1362
745
8705
4191
5892
4469
3907
19960
1382
9156
6918
9592
7386
5306
8310
10928
438
658
14934
18363
17199
17076
17485
20440
17362
9367
12905
17765
20689
2524
4241
17174
2450
13954
14081
19300
14929
18856
5071
2967
11461
15204
13959
21649
14429
6518
18031
17267
18366
12404
169
10359
21335
17031
15051
18626
6330
6916
2951
13272
18201
17224
13999
2378
19142
20658
10600
3976
8993
21685
21992
11905
465
6278
14522
20665
14472
12081
14912
21278
15848
7569
8711
6703
19559
9215
158
1817
4683
14935
10079
9532
12579
1035
14650
15673
16451
12352
1464
12749
11204
10132
15588
9089
20214
5157
10129
17617
21048
17320
8667
19066
10692
3267
12553
3561
6853
17595
16992
18725
1987
7180
11085
4147
6557
13856
6507
2428
19492
15420
19011
21244
21045
446
8819
5892
11423
16957
1345
20779
7771
9171
21405
11827
7539
14047
2712
19987
11508
18027
19903
8454
1276
7700
8904
13507
15145
4609
21736
614
5993
6734
20838
13502
7406
12464
3369
10187
2858
1372
9187
12174
10936
13473
8316
21799
19011
178
12809
3425
10197
14029
6089
2360
2171
21491
558
19969
13017
14755
11361
5505
20353
12746
13686
11916
17535
17029
11500
6764
4601
9850
13673
14517
14097
16066
4607
8626
10880
6903
21765
18313
2882
10496
20701
3240
9135
1829
20731
18225
4446
13956
10548
14113
13857
19797
10137
20252
16591
16883
9660
780
19746
7567
12642
838
16829
19469
2626
5491
5683
184
19198
9155
15468
7106
9932
17985
10171
7554
17256
21735
9164
15085
11801
2863
1111
829
21424
7730
17330
4937
17758
7839
632
14347
10950
5926
7601
1534
1879
21097
17071
21356
19852
22088
6460
17414
9117
8392
21302
11260
1103
2952
17185
18235
8391
965
10113
2135
6027
20803
19233
22251
2892
12144
18532
21567
20494
3497
1121
18537
2893
8543
16100
1295
3774
8509
5448
9286
7306
2852
8134
13279
16908
12007
6086
20845
11928
19390
17139
15574
1375
17034
5461
2622
17929
21889
7868
1927
126
9792
4354
1293
17655
6959
7457
21946
7636
15462
9845
8105
17016
17275
6942
5800
15210
16139
15962
9744
3433
2400
10586
20721
6574
10100
14735
9255
1465
2315
20892
20916
20285
3220
4447
14742
5601
18624
4049
21111
9926
19213
6863
19626
12134
14191
677
9116
12538
3121
11274
12585
1219
15794
13557
3372
11623
17668
9105
7035
11018
14452
14473
11187
14155
8081
7417
918
19486
11549
10811
2919
9933
4838
18431
17868
18694
21405
5384
17842
3582
6524
5350
13379
2669
13756
834
13936
13851
10786
9851
2809
16475
15866
11121
6158
14672
2648
6903
13826
3753
9851
17410
7500
17298
2665
924
7080
18036
18379
849
18246
10730
5044
7716
3182
10001
1820
19231
12044
2332
19679
8804
2774
22152
20627
1552
19474
5912
13906
10771
11662
12900
19169
6613
6466
8800
6865
19172
9515
9538
9059
13347
12756
14345
18589
14654
12105
15340
1057
11621
17877
5329
21622
10618
141
3734
20597
11964
15405
8106
16827
10087
6356
3026
18432
8654
17672
3072
11272
7628
19025
15609
16898
13251
10546
18162
20498
15305
15876
12128
9340
18728
1457
19672
16137
1801
2238
18125
2726
17409
4500
18415
483
4048
10836
22092
4093
106
2632
11196
7281
12182
15852
9810
11961
17209
16134
12235
5500
4861
14289
20505
20879
8561
3250
16242
10840
5625
18436
3221
13241
6065
20948
3236
20287
15657
6161
1344
15724
3651
3938
11377
7540
961
18777
6833
10722
8468
14655
20285
17775
8872
3102
6690
6232
5648
17420
14980
10120
8345
6087
6532
10499
8683
554
19077
3114
20969
12473
5792
889
11318
11057
8305
12700
21566
1822
16094
17469
835
4483
7396
12627
244
1900
10311
10020
16909
19333
4132
16907
2224
4924
19941
17901
3728
21932
18217
9873
13023
19743
18058
16542
18751
9056
19439
20182
19860
185
13722
10127
12654
20030
3780
17079
2518
17063
