19707
20187
6248
17852
13892
11346
15867
3061
14177
15165
9963
15466
20116
5622
10063
20232
21026
2610
10383
12226
19420
3156
21253
20346
1798
11238
8544
19458
9682
17933
15862
17399
8497
14729
120
17868
199
4637
19462
13217
8283
9466
820
20884
9365
20527
19022
13777
20815
13357
7273
7533
8692
16849
850
16105
14567
3845
5715
11220
14516
21048
16307
12315
18166
4222
5908
17713
14865
5296
927
3182
4809
10444
4415
15379
210
8140
11206
54
12579
3555
7803
13898
16627
12234
5168
1974
1867
6611
14293
15
4638
19954
19789
15678
7242
11205
15926
13322
13454
4815
4804
8474
20141
20556
15802
15645
11627
71
13092
17842
16094
9743
11620
11665
47
7700
13155
17657
7729
8904
12399
12720
15328
8589
19608
20508
5152
15429
19259
12975
13529
19989
18089
12507
17485
2503
16320
13365
3339
1730
10006
16628
15612
17380
3800
20127
6331
3348
15296
6987
16599
8557
14470
16535
4159
646
3053
14508
19885
11903
12924
4372
11567
3969
9688
6847
2539
4125
15504
8898
8941
10380
9217
3065
17497
12724
16897
16363
19495
18272
6840
5633
15747
15887
19486
16861
2985
6204
4300
16673
2841
2847
1567
1137
11457
2469
15751
21254
18722
11171
18029
9498
3529
9489
20498
10450
5477
5632
11681
13851
7254
1322
9647
17749
12350
7571
11796
18869
10542
3810
11690
20358
6726
17348
6580
4094
1040
5336
7527
3543
6508
410
21075
17037
21380
18346
11920
9038
1437
12053
1513
4648
11817
10354
3547
3337
10698
19876
7173
4145
5814
11382
489
16892
2378
11580
12238
13161
15080
2697
6641
19974
10700
3018
18292
4502
19517
18654
3038
16589
9648
3028
18610
7217
21231
8665
10250
7889
9928
1068
4117
20716
7013
3774
10462
432
7274
650
18224
15396
6725
8263
7104
1930
15969
12822
3236
712
10350
9471
1294
6981
18436
19583
8403
3520
6839
6543
2329
20598
10600
2034
4633
19566
6316
13780
18900
20812
9177
8426
21476
5994
12050
19655
7628
17656
15171
15753
19388
76
3546
21469
14213
10234
11379
6747
17107
6228
8730
1954
16774
7658
865
880
20034
7955
16944
19071
9333
12265
1578
3617
21202
10088
14384
19944
10580
9979
11927
13712
5972
21324
13552
12375
13009
19364
8305
6118
1943
21260
15892
2232
14880
20243
4403
2332
1170
17332
12336
9953
7747
5975
12691
17125
2116
20164
3691
1833
17977
11175
21441
4964
15067
10436
20186
18911
11709
1610
505
10881
13267
8888
18312
2315
20461
5653
1788
8160
2699
21417
5178
15059
3218
3360
5537
16255
9026
1275
2481
10215
20417
16955
11498
1533
9814
7200
14393
10874
10891
11551
9431
1769
19367
371
8770
4907
2141
10205
13596
19179
7663
17789
6345
9772
3144
16834
13929
1320
9104
8408
14549
13765
8631
6451
5432
14043
18545
17568
8306
1668
17212
1548
2474
13379
6759
4093
8319
17896
7346
21336
18890
19773
10368
9706
12533
18771
3761
16346
5003
12161
17436
2850
18541
9457
18500
5299
1750
1019
20329
10185
17515
8775
10310
3955
15732
6401
3606
708
21221
21426
10931
16833
2477
18465
12097
3212
18647
5375
3298
15944
4938
6400
10897
7023
3370
5640
7377
12156
16756
19306
17239
2719
13513
14304
682
19018
10022
5638
17690
4916
16408
13449
8921
2043
107
11181
10992
4588
14830
19867
10868
3780
11819
15673
13857
4819
7267
6683
18623
4281
14109
2997
2258
1966
18880
5834
18234
15981
16434
4431
997
819
5986
7310
15203
5327
10814
21347
13204
4391
20466
19
4442
13159
389
577
12676
11947
5220
18902
13921
13372
4471
10025
20318
20444
9378
14732
6599
17159
9061
20485
16606
10131
11271
7122
1089
9533
10431
5916
16001
6322
10743
9946
15815
21123
9214
10922
9900
10947
14126
20771
17236
20600
2231
4430
10112
20977
9762
12218
4781
20891
3263
14338
5550
21475
14817
9827
7049
5111
4622
5141
11789
14647
2271
10779
17458
14675
6513
2446
11979
17064
10812
14255
10429
7376
19776
18862
4380
19571
17892
14305
10647
9965
4304
2122
9754
6456
15820
18397
6949
16888
4686
15666
11673
8806
17157
21001
9707
16006
1701
8173
21018
2830
4705
5723
6214
7782
10188
17937
15288
19521
6882
16863
2804
2632
14887
11377
12565
2599
17887
17193
945
14462
11105
19295
18563
9406
15614
10484
20471
14658
15656
14431
4081
6160
6716
11857
17974
17870
8000
15042
16260
14777
7977
6161
1184
13779
4197
12862
2964
7710
6463
16645
7588
9090
9068
12415
8365
19514
19769
20410
1696
9789
6990
13754
13051
17466
19287
11877
11040
19153
18116
8508
1026
15839
18785
7794
21322
1805
8066
3881
2816
5367
11413
21404
20478
19182
20175
14360
3023
221
14004
13913
18575
8459
8716
11085
8562
2056
7842
4182
21461
270
18586
18222
15285
19301
12819
20778
7862
1346
14058
2677
6016
12939
8028
1425
17483
7934
13645
466
12237
21422
8193
3125
16721
3005
18360
18183
4062
10939
10712
3415
10660
4729
21116
10364
3386
18572
10244
12581
15045
12609
18770
1644
595
11148
5043
13129
7748
948
978
19460
4761
275
4596
1139
4924
8260
320
7415
11993
12400
5456
13677
18857
108
15910
21303
1482
11628
11031
2890
5689
7214
16427
3625
10657
15407
5921
8949
13569
767
11478
18755
8906
18831
19729
13681
6103
4383
6499
17206
1246
3842
9837
6901
16411
17505
427
16646
8187
13589
2476
9673
18569
11761
18319
15195
12823
16015
18529
3484
4041
2042
16708
16240
5741
9161
21238
7550
7805
18329
7965
1411
14248
13993
1986
764
8159
276
11589
18942
6984
5081
11028
2410
7625
6649
18984
18231
15287
15208
20049
11839
4461
2762
15920
19712
19713
2602
12540
17199
2922
7452
3327
9112
9830
19021
18094
18799
15495
1881
353
6778
5010
15885
21488
10466
1461
7005
15129
7837
174
20832
11325
1404
7059
8416
6311
14770
7899
12535
12604
16099
13174
13642
8351
13349
568
16343
1516
17981
1413
3970
15520
21415
8171
9040
12293
11708
1210
3825
6021
7598
14263
2565
8709
628
9199
15876
9510
4895
17674
2600
5497
17580
14984
2019
16298
17126
2383
21211
11119
1196
10001
186
