19690
20178
6215
17850
13844
11274
15853
3008
14146
15147
9897
15450
20107
5569
10005
20221
21024
2577
10304
12151
19416
3093
21244
20343
1790
11166
8484
19443
9649
17935
15850
17391
8429
14716
105
17867
182
4574
19447
13177
8211
9411
810
20877
9326
20531
19009
13746
20819
13320
7216
7496
8638
16841
844
16069
14534
3790
5665
11142
14493
21058
16297
12243
18178
4162
5875
17721
14853
5245
924
3123
4751
10367
4341
15384
195
8102
11124
44
12527
3497
7746
13854
16621
12167
5108
1957
1857
6576
14283
10
4576
19960
19799
15687
7187
21401
15919
13286
13424
4757
4748
8406
20150
20563
15801
15655
11559
62
13059
17862
16068
9712
11553
11586
40
7652
13116
17676
7676
8852
12340
12665
15344
8528
19617
20529
5091
15446
19272
12940
13511
20001
18111
12456
17502
2483
16318
13345
3284
1726
9959
16638
15624
17393
3736
20143
6301
3296
15309
6954
16604
8504
14458
16537
4111
635
3000
14497
19902
11835
12877
4303
11501
3927
9664
6813
2521
4075
15522
8851
8895
10313
9172
3015
17527
12677
16907
16371
19520
18308
6804
5589
15766
15895
19509
16872
2928
6165
4244
16686
2809
2813
1558
1136
11396
2435
15769
15527
18757
11094
18062
9468
3473
9459
20532
10389
5437
21264
11608
13827
7206
1317
9625
17786
12296
7549
11726
18905
10490
3748
11624
20395
6698
17376
6559
4042
1035
5295
7501
3490
6484
391
21115
17054
1860
18393
11865
9006
1432
12001
1508
4591
11755
10301
3495
3285
10650
19909
7134
4099
5777
11337
474
16917
2371
11535
12192
13145
15108
2673
6625
20007
10654
2969
18342
4449
19560
18707
2993
21395
9631
2982
18668
7182
6812
8628
10204
7847
9893
1065
4071
20759
6979
3722
10413
419
7237
642
18276
15430
6702
8232
7067
1917
15989
12793
3185
700
21481
9449
1292
6958
18491
19628
8355
3472
21125
6514
2318
20649
10561
2002
4581
19615
21313
13783
18956
20868
9150
8391
3103
5967
12008
19703
7600
17715
15207
21364
19446
64
3496
8507
14227
10192
11340
6717
17147
6209
8697
1942
16814
7627
862
876
20092
7930
16978
19129
9319
12225
1572
3572
15549
10066
14406
20006
10547
9956
11886
13726
5939
20587
13561
12337
12996
19424
8267
6102
1934
6826
15933
2222
14911
20294
4344
2321
1176
21466
12302
9932
7728
5947
12659
17171
2095
20234
3645
1828
18034
11120
13795
4919
15109
10394
20250
18979
11672
1607
495
10843
13264
8860
18387
2305
20528
5629
1786
8146
2682
12288
5133
15105
3174
3315
5504
16305
9007
1273
2466
10187
20490
16997
11466
1530
9807
7178
14432
10842
10858
11524
9423
1767
19442
358
8744
4854
2127
10176
13614
19252
7639
17859
6333
9771
3096
16890
13940
21216
9079
8381
14575
13789
8606
6447
5407
14062
18632
17635
8285
1667
17274
1544
2454
13392
6741
4052
8299
17970
7323
21350
18976
19856
10337
9713
12519
18867
3718
16401
4956
12139
17514
2828
21071
9452
18596
5267
1751
1015
20418
10160
17592
8758
10290
3923
15803
6396
3561
698
2944
3804
10907
16898
2460
18558
12080
3168
18746
5349
3250
16003
4897
6395
10876
7008
3326
5621
7359
12137
16828
19397
17313
2703
13533
14349
678
19124
10014
5620
17788
4874
16471
13471
8901
2023
91
11149
10977
4542
14888
19969
10848
3734
11797
15750
13883
4778
7247
6673
18735
4241
14147
2962
2250
1959
20851
5819
18333
16038
16501
4384
1001
816
5971
7295
15276
5301
10798
15730
13223
4340
20574
16
4399
13182
378
570
12670
11924
5191
19008
13951
13402
4432
10019
20428
20547
9390
14796
6597
17242
9055
20608
16699
10126
11257
7113
1087
9544
10406
5906
16075
6324
10734
9949
15906
3506
9208
10910
9923
10933
14175
7336
17324
19015
2225
4386
10117
6740
9780
12212
4743
15142
3225
14401
5533
8891
14891
9845
7041
5070
4579
5104
11771
14708
2267
10780
17565
14743
6517
2438
11968
17145
10808
14312
10410
7366
19889
20959
4333
19691
17990
14368
10646
9975
4266
2110
9774
6465
15923
18523
21310
16984
4642
15763
11659
8804
17253
5984
9729
16092
1708
8180
2012
2814
4660
5708
6213
7779
10191
18049
15383
19643
6880
16965
2794
2621
14975
11375
12576
2580
17991
17292
951
14548
11103
19418
18698
9436
15717
10472
4269
14730
15761
14521
4047
6166
6721
11855
18088
17984
7997
15126
16362
14866
7981
6168
1191
13861
4164
12888
21257
7718
6481
16736
7605
9096
20881
12425
8373
19644
19899
18706
1704
9821
6996
13837
13087
17587
19419
11875
11060
19283
18249
8505
21195
15948
18930
7799
5123
1813
8074
3849
2806
5352
11425
3147
19710
19323
20308
14452
2992
209
14061
13964
18725
8458
8724
11101
8556
2044
21122
4153
14823
254
18736
18362
15397
20902
12848
13438
7870
1353
14134
2668
6013
12969
8034
1443
17614
7942
13710
453
12255
5707
8212
3090
16832
2977
18514
18324
4037
10951
10724
3379
10672
4692
5813
10374
3353
18730
10267
12617
15153
12649
18927
1650
591
11153
5015
13185
7756
956
982
21076
4733
261
4568
1143
4894
8281
311
7423
21060
12417
5449
13761
19011
93
16027
16437
1491
11646
11066
2877
5686
7223
16547
3596
10673
15542
5935
8960
13636
762
11505
18921
8916
18992
19882
13771
6111
4346
6520
17330
1251
3812
9880
6914
16528
17652
414
16759
20414
13662
2470
20848
18738
11783
18485
21311
12867
16138
18697
3457
4023
2029
16831
20516
5730
9181
12757
7569
7820
18506
7985
1423
14339
14063
1981
753
8189
262
11610
19135
7004
5057
11072
2427
7651
6670
19174
18401
15422
15331
20231
21182
4435
2761
16043
19874
19875
2596
20546
17338
2906
7472
3297
9137
20314
19210
18266
18977
15627
1883
343
6805
4987
16021
10092
10479
1468
7022
15272
7853
161
14526
11351
1416
7074
8437
6336
14892
7917
12574
12666
16220
13247
13729
20878
21373
561
16479
20919
18155
1427
3957
15659
4199
8210
9072
12326
11736
1215
3801
6029
7641
14370
2576
8738
625
9227
16018
9549
4875
17857
2594
5501
17763
15104
20576
16443
17269
2390
2837
11155
1202
10042
173
