19699
20160
6275
17816
13953
11468
15903
3161
14211
15164
10060
15445
20084
5678
10166
20204
20991
2662
10512
12349
19386
3251
21219
20320
1831
11344
8633
19411
9735
17903
15880
17355
8595
14746
132
17814
216
4753
19410
13282
8376
9517
824
20846
9414
20506
18991
13863
20777
13407
7338
7574
8769
16816
851
16114
14588
3922
5778
11322
14545
21002
16285
12418
18108
4326
5977
17646
14859
5366
914
3277
4914
10540
4512
15350
227
8229
11306
69
12697
3647
7888
13936
16584
12343
5243
2046
1891
6633
14308
21
4750
19893
19749
15634
7298
11300
15925
13353
13490
4917
4908
8547
20076
20497
15764
15605
11748
97
13135
17769
16077
9804
11737
11775
65
7758
13197
17589
7790
8972
12483
12790
15290
8652
19554
20450
5226
15377
19188
13023
13553
19907
18015
12587
17412
2532
16277
13393
3436
1738
10069
16572
15559
17302
3884
20043
6356
3446
15253
7051
16549
8622
14450
16480
4247
655
3137
14494
19815
12007
12960
4476
11663
4056
9704
6874
2579
4201
15432
8954
8991
10477
9258
3153
17415
12783
16820
16313
21463
18173
6865
5673
15688
15830
19377
16783
3069
6225
4406
16588
2900
2914
1585
1128
11544
2500
15686
15421
18616
11244
17938
9519
3609
9511
20404
10527
5530
5670
11768
13852
7290
1327
9652
17623
12414
7599
11888
18765
10596
3889
11779
20251
6768
17249
6587
4160
1045
5393
7543
3620
6525
428
20950
16958
1889
18223
21168
9098
1447
12121
1522
4742
11899
10440
3626
3431
10748
19763
7205
4219
5846
11448
501
16794
2389
11657
12305
13162
15011
2729
6643
19842
20983
3088
18164
4589
19373
18520
3114
16494
9632
3100
18474
7251
6855
8700
10306
7925
9961
1071
4180
20588
21193
3856
10526
448
7299
657
18078
15293
6742
8303
7127
1950
15886
12850
3313
719
10405
9472
1293
7009
18277
19417
8462
3598
6842
6539
2341
20440
10644
2069
4717
19391
6306
13740
18760
20676
9204
8478
3231
6018
12094
19504
7640
17522
15066
15631
19238
101
3618
8586
14164
10278
11427
6765
16992
6227
8762
1992
16669
7671
863
881
19858
7995
16798
18906
9325
12300
1588
3690
15363
10099
14321
19780
10610
9988
11987
13667
5992
20355
13514
12406
12989
19196
8329
6115
1964
6849
15740
2241
14786
20051
4482
2340
1160
17190
12367
9945
21273
20761
12709
20801
2140
19981
3757
1845
17797
11209
13704
5034
14965
10470
19995
18727
11756
1617
516
10911
13216
8893
18126
2325
20275
5671
1795
8166
2724
12335
5227
14956
3292
3443
5563
16150
9025
1264
2502
10230
20233
16780
11519
1550
9797
7197
14309
10888
10916
11568
9393
1770
19176
387
8778
4965
2156
10210
13535
18970
7643
17578
6318
9738
3207
16684
13870
1306
9109
8420
14419
13680
8641
6423
5463
13985
18325
17358
8304
1669
17058
1557
2490
13319
6719
4138
8328
17659
7352
21274
18666
19564
10365
9660
12522
18540
3828
16204
5065
12163
17233
2887
18310
9399
18274
5326
1745
1007
20095
10159
17298
8774
10305
4000
15558
6371
3670
714
3036
3899
10941
16665
2494
18230
12096
21355
18418
5401
3356
15733
4988
6368
20651
7010
20671
5647
7375
12146
16570
19080
17069
2734
13426
14198
683
18772
20764
5641
17468
20632
16228
13363
8896
2066
123
11184
10988
4641
14685
19635
10844
3838
11822
15490
13708
4876
7245
6639
18381
4339
14014
3051
2257
20798
18607
5835
17998
15745
16244
4490
988
798
5969
21308
15022
5351
10787
15440
13111
4452
20209
24
4499
13073
405
580
12628
11937
5250
18621
13794
13283
4529
9977
21200
20180
9327
14606
6558
16966
20668
20663
16407
10082
11261
7094
1076
9490
10401
5892
15748
6280
10716
9867
15577
3602
9180
10885
9843
10927
14015
7325
17029
20379
2217
4484
10072
6669
9684
12177
4820
14896
3319
14205
5553
8856
14656
9741
7012
5146
4665
5171
11763
14482
2269
10749
17208
14531
6452
2418
11956
16808
10759
14118
10388
20561
19481
18546
4425
19257
17593
14165
10612
9874
4350
2136
9668
6413
15568
18104
6904
16660
4735
15425
11607
8771
16932
5963
9616
15725
1691
8123
2054
2846
21428
5718
6150
7732
10105
17624
15070
19201
6837
16603
2810
2644
14692
11334
12510
2613
17574
16963
931
14278
11032
20625
18248
9329
15354
10451
4347
14467
15403
14258
4107
6119
6640
11820
17645
17557
7954
14840
16040
14607
7947
20751
1163
13624
4236
12782
2986
20624
6408
16385
7534
9020
9012
12366
8310
19175
19403
18233
1686
9676
6930
13602
12950
17176
18940
20397
21083
18787
17796
8469
1009
15553
18435
20123
20229
1799
8026
3911
2812
21357
11352
3229
19207
18816
19814
14184
3058
239
13847
13691
18232
8390
8673
10999
8512
2071
7785
4212
14541
286
18238
21443
15034
18938
12729
13229
7801
1337
13912
2680
5974
12829
7987
1403
17173
21335
13488
476
12152
5681
8117
3165
16431
3027
18017
17836
4083
20400
20857
3465
10594
4758
5781
10273
3442
18207
10135
12496
14810
12516
18388
1635
596
11030
5067
12991
7673
20087
967
19085
4785
289
4620
1118
4944
20683
328
7367
11917
12313
5431
13510
18452
20406
15571
16044
1467
11533
10966
2903
5663
7136
16154
3664
10585
15115
5876
8859
13385
748
11383
18344
8820
18430
19308
13509
6056
21109
20169
16901
1234
3871
20249
20115
16132
17165
435
16323
8101
13408
20344
9557
18176
11658
17954
14924
12713
15636
18134
3517
4054
2052
16386
15942
5692
9065
12592
7474
7704
17959
7903
1390
14042
13745
1985
745
8085
19829
11470
18511
6899
5089
10954
2387
7521
6563
18542
17843
14996
14927
19629
11732
4487
2748
15551
19261
19642
2581
12440
16873
2926
7393
3355
9003
9662
18561
17684
18356
15173
1868
359
6652
5020
15513
9899
10341
1424
6905
14850
7731
192
14159
11232
1382
6953
20910
6239
14512
7802
12419
21265
15695
19835
13431
8238
21282
551
16023
1488
17563
19697
3979
15184
20041
19684
8952
19883
11564
1185
3843
5952
7505
14039
2551
8629
614
9097
15492
9355
4902
17261
2561
20593
17183
14681
2008
15968
16750
2359
2832
10972
20740
9822
205
