19687
20170
6183
17860
13791
11198
15835
2959
14116
15143
9852
15447
20106
5534
9952
20220
21027
2552
10232
12073
19427
3050
21251
20345
1781
11078
8417
19453
9609
17946
21499
17402
8369
14700
92
17877
171
4517
19461
13137
8168
9368
806
20882
9285
20541
19032
13720
20825
13280
7174
7455
8587
16839
839
16056
14506
3730
5636
11054
14461
21070
16286
12178
18199
4123
5847
17742
14846
5204
921
3076
4696
10297
4288
15391
181
8063
11044
39
12477
3448
7705
13815
16614
12100
5055
1939
1844
6550
14264
7
4527
19972
19810
15699
7142
11045
15914
13246
13394
4704
4693
8350
20166
20582
15809
15667
11492
55
13025
17886
16062
9683
11489
11523
35
7618
13082
17705
7637
8801
12283
12605
15355
8477
19632
20552
5040
15460
19293
12894
13481
20020
18143
12402
17524
2463
16322
13313
3235
1718
9918
16637
15638
17421
3692
20165
6281
3246
15323
6924
16613
8455
14446
16548
4069
626
2957
14479
19931
11773
12838
4255
11438
3890
9637
6780
2506
4029
15536
8803
8850
10256
9129
2970
17555
12627
16921
16382
19547
18348
6772
5562
15787
15907
19535
16885
2889
6145
4200
16693
2782
2786
1549
1134
11345
2409
15795
15543
18806
11015
18098
9435
3423
9420
20567
10330
5406
21290
11557
13805
7172
1310
9600
17820
12244
7525
11669
18947
10439
3705
11571
20425
6675
17408
6536
4001
1028
5259
7473
3444
6467
382
21156
17076
1848
18443
11808
8969
1434
11945
1502
4545
11696
10249
3449
3239
10607
19953
7101
4058
5753
11286
465
16937
2361
11479
12144
13121
15133
2648
6609
20046
10615
2924
18399
4404
19598
18766
2952
16641
21474
2939
18728
7146
6785
8588
10156
7812
9868
1060
4030
20794
6959
3680
10362
406
7203
634
18331
15469
6685
8195
7042
1909
16007
12759
3140
692
10253
9415
1288
6936
18552
19679
8317
3425
6786
6501
2304
20693
10525
1980
4536
19659
6288
13788
19016
20918
9111
8348
3064
5941
11958
19747
7580
17773
15235
15844
19500
56
3453
8467
14233
10150
11297
6705
17185
6192
8667
1931
16853
7604
859
872
20138
7902
17007
19180
9295
12185
1565
3528
15586
10039
14422
20059
10507
9929
11841
13738
5922
20641
13559
12301
12979
19483
8237
6091
1921
6806
15963
2210
14941
20351
4298
2309
1172
17448
12263
9901
7699
5926
12631
17216
2077
20282
3605
1822
18097
11067
13806
4881
15148
10348
20303
19058
11623
1601
487
10802
13260
8832
18460
2291
20596
5610
1780
8125
2661
12251
5098
15146
3132
3276
5484
16340
8983
1272
2442
10149
21353
17039
11430
1529
9795
7157
14456
10805
10819
11484
9404
1765
19513
351
8719
4814
2111
10141
13631
19322
7622
17924
6327
9765
3060
16936
13948
1313
9054
21383
14596
13810
8574
6445
5385
14080
18721
17710
8253
1665
17336
1538
2434
13400
6729
4019
8269
18033
7303
21365
19066
19925
10302
9709
12502
18944
3681
16452
4923
12106
17581
2808
18723
21268
18684
5244
1754
1016
20488
10136
17665
8735
10254
3894
15864
6393
3521
689
2909
3762
10879
16953
2441
18649
12052
3128
18844
5324
3210
16045
4862
6392
10847
6997
3288
5605
7342
12110
16881
19479
17389
2690
13548
14383
674
19202
9996
5604
17865
4831
16522
13487
8878
2001
78
11107
10956
4504
14935
20048
10818
3698
11764
15813
13896
4744
7227
6682
18842
4209
14172
21189
2244
1948
19079
5806
18432
16095
16562
4342
1003
812
5961
7283
15333
5282
10782
15793
13240
4301
20666
12
4357
13195
365
564
12656
11900
5164
19120
13971
13420
4393
10008
20509
20647
9386
14852
6596
17315
9044
20700
16751
10113
11230
7100
1085
9543
10379
5904
16128
6329
10721
9942
15964
3468
9196
10890
21338
10915
14209
7322
17414
19131
2220
4345
10108
6736
9793
12196
4706
15216
3189
14447
5521
8875
14948
9851
7032
5041
21218
5071
11754
14757
2259
10773
17653
14799
6521
2428
11949
17222
10794
14358
10387
7356
19992
19095
4295
19779
18086
14418
10636
9970
4239
2094
9785
6476
15988
18638
6951
17055
4611
15852
11641
8793
20938
5979
9740
16153
1717
8182
1998
2802
4630
5700
6211
7769
10180
18154
21158
19750
6878
20986
21280
2612
15039
11364
12586
2570
18092
20861
957
20952
11082
19526
18821
9437
15798
10458
4242
14795
15855
14573
4022
6175
6728
21434
18201
20712
7988
15213
16440
14931
7975
6177
1194
13893
4143
12907
2904
7713
6492
16817
7613
9088
9075
12428
8361
19758
20015
18838
1709
9836
7000
13873
13118
17699
21287
11862
11053
19399
18366
8491
1033
16025
19059
7797
5096
1811
8073
3821
2793
5340
11421
3115
19824
19437
20424
14513
2961
198
14113
14006
18861
8442
8721
11086
8542
2031
7846
4133
14897
240
18876
18487
15493
19569
12868
13479
7864
1358
14181
2657
6014
12997
8035
1450
17734
7939
13768
445
12257
5704
8217
3062
16924
2947
18646
18455
4016
10949
10730
3349
10678
4664
5812
10366
3323
18873
10264
12636
15247
12663
19068
1655
587
11139
4995
13222
7763
962
987
19742
4702
250
4539
1147
4872
8280
303
7429
12009
12433
5442
13823
19164
79
16118
16530
1497
11648
11069
2861
5687
7224
16647
3569
10683
15637
5942
8966
13687
759
11509
19067
8919
19147
20016
13836
6122
4317
6540
17459
1258
3787
21043
6929
16636
17792
402
16865
8222
13724
2461
9736
18891
11784
18634
15413
12899
16230
18852
3427
4002
2015
20957
16464
5735
9189
12788
7585
7830
18651
7990
21222
14416
14131
1976
755
8201
251
11621
19278
7011
21352
11083
20726
7662
6696
19314
18551
21306
15444
20362
11869
4407
2760
16147
20458
20022
2590
12607
17476
2891
7488
3266
9147
9904
19357
18411
19141
15743
1887
338
6814
4971
16125
10114
10488
1476
7035
15375
7863
148
14609
20806
1426
7087
8443
6357
14992
7926
20384
12693
16324
13304
13809
8387
13483
557
16590
1537
18302
1442
3943
15776
4187
8228
9089
12344
11753
1218
3771
6043
7655
21435
2571
8746
619
9242
16127
9575
4852
17997
20385
5508
17907
15219
20847
16556
17403
2397
2831
11160
1206
10064
163
