19561
20038
6629
17891
14151
12219
16013
3693
14391
15135
11010
15534
19904
6034
11109
19971
20920
3122
11256
12754
19183
3728
21059
20120
1908
12061
9124
19151
10555
17753
15849
17221
9045
14715
253
17643
317
5215
19096
13516
8867
10137
776
20621
9927
20228
18674
13995
20487
13612
7931
8113
9197
16724
782
15960
14510
4477
6045
11874
14455
20680
16177
12718
17812
4863
6139
17308
14704
5614
885
3724
5276
11182
4986
15051
318
8656
11801
155
12886
4085
8296
13925
16349
12577
5495
2124
2070
6938
14188
70
5195
19197
19056
15251
7694
11640
15494
13334
13476
5249
5238
8845
19267
19745
15297
15120
12140
178
13122
17214
15573
10245
12111
21117
20853
8104
13139
17080
21049
9224
12601
12837
14879
8924
18692
19545
5414
14910
18410
12977
13417
18974
17304
12641
16880
2738
15641
13242
3823
1671
10441
21460
14960
16760
4238
19001
6389
20289
21196
7401
15956
8799
14106
15831
4713
610
3538
20151
18719
12175
20850
4849
11825
4498
9863
7076
2753
4629
14794
9047
9117
10731
9282
21489
16706
12701
16119
15474
18323
17215
6935
5770
14916
14972
18282
15994
3433
6174
4799
15735
3201
19752
1462
1072
11538
2558
14884
14684
17500
11293
16972
9397
3946
9381
18987
10637
5585
5745
11698
13336
7418
1237
9553
19887
12333
7824
11821
19692
19912
4141
20720
18731
6624
16250
6436
4519
935
5439
7675
3944
6387
457
19302
21227
1748
17049
11870
9015
1351
12028
1379
4973
11677
10331
3933
3701
10825
18217
7213
4553
5789
11311
503
15548
2363
11418
20517
12751
21467
2834
6418
18215
10732
3280
16891
4841
21236
17094
3322
15090
9360
19127
17059
7154
6567
8590
10034
7935
9559
940
4440
18687
6856
4039
20539
473
7169
605
19558
14231
19142
8134
6932
1761
14626
12455
3562
662
19000
9225
1181
6699
16797
17560
8226
3809
6469
6257
2199
18433
10351
21276
4888
17450
6081
12961
17034
18530
20441
8191
19796
5820
11574
17460
7469
15958
21069
14334
17251
20605
3785
8259
13191
9586
11131
6351
15214
6008
8472
19363
14932
7446
769
770
17668
7767
15001
19664
8976
11661
1369
3859
14096
9442
13235
17520
10040
9347
11341
12786
5761
18051
19881
11717
12342
21067
8022
5843
1737
18557
14226
2162
13584
17649
4592
2179
1011
15209
11587
9287
7433
5720
12044
14978
20758
17504
3895
1634
15826
10571
12737
5050
13640
9558
17429
16630
11169
1370
502
10200
12411
8418
16109
2168
21188
5421
1602
7835
2617
11442
5187
13524
3352
3540
5339
14260
8495
1081
2255
9330
17489
20947
10935
1339
9141
6491
20386
18803
20388
10944
20157
1566
16752
385
8170
4915
2062
18241
12500
16509
7133
18253
5859
9032
3142
14562
12608
1100
8466
7901
12971
12548
8027
5955
20688
12700
15930
14947
7727
1383
14710
1333
2195
12253
6089
4101
20725
19077
6553
141
16148
18781
9286
8925
11399
15993
3814
18446
4934
11200
14764
2713
15648
8644
15619
5177
1466
790
19035
9186
14772
8057
9234
3964
13650
5829
3627
18931
2771
3860
9577
14252
18269
15428
11092
21316
15603
5199
3227
13697
4840
5797
9503
19788
3402
5280
18914
11061
21266
16142
14459
2456
12155
20459
602
15817
8967
20912
14709
4811
13917
12067
8051
1652
190
9674
9495
21010
12883
16424
19630
20915
10520
13323
12261
4694
6267
5887
20733
4132
12445
2728
2080
1629
17191
5320
14921
13461
13829
4213
778
715
5400
16951
12962
5086
9308
13224
11555
4158
16703
20747
4206
11500
377
529
11221
10492
4957
15256
12190
11643
16857
8737
16472
16531
8242
17633
5782
20032
8004
16683
13767
8808
9477
6082
801
8320
8977
5318
13268
5576
18793
8643
13131
3459
8059
9264
8615
9271
12208
6159
14078
15037
1800
4135
8685
5822
8485
10534
4503
12716
3011
12304
5135
7693
12549
17953
6017
4801
4264
4812
19962
12464
1869
17901
14094
12472
5608
2112
10079
13830
9125
12180
16608
6121
15507
14876
18965
15269
18919
12183
18127
16389
4014
1649
8318
5561
12951
14550
5848
13598
16284
19999
17008
18509
13772
5278
16682
12974
1343
6789
1599
2330
4262
17307
5380
6310
8545
14142
12585
15016
5773
13430
2270
18052
12388
21344
10535
2163
14081
13654
738
12091
21269
14872
14442
7945
16367
8655
3953
16723
12719
19138
21289
5303
5607
9462
14046
13996
20236
12384
12958
12203
6378
5298
871
11343
3853
10653
2347
16462
19451
13079
6105
7476
7466
10051
6657
17318
20402
14237
1329
8090
5764
19681
10823
16031
14631
9362
8955
14537
13988
6777
18499
12602
14268
6147
4597
19341
6344
3559
19529
19768
16199
2554
14669
14448
20267
18656
2346
304
19198
11269
16658
6560
6919
8844
6659
1470
6123
3726
11831
20874
15704
13888
12246
14421
10199
20965
6114
952
11283
2138
15877
10289
6205
1048
13274
6126
17109
434
19640
4949
6295
2364
12875
17934
13849
13698
3607
8627
8483
2766
8449
4084
19266
8131
20306
13902
8091
17211
20978
9623
13976
1200
18109
8661
4271
14904
21343
727
731
18321
4077
14945
3958
16854
4148
18754
326
5780
21036
19061
16952
10824
20225
18599
12299
17720
1049
8926
8538
2175
17155
5606
12521
3049
8231
11962
4972
18786
19759
598
8742
13722
21479
15980
14182
10605
5114
18471
5256
12811
829
19748
7519
5412
16926
12947
368
12520
6104
10433
19852
7434
20691
21141
13308
11516
9450
12172
13366
2694
3462
18450
12486
14929
16308
6801
18394
5749
5844
18720
5914
15291
10984
14425
1352
588
6055
21177
17309
13566
5386
16397
8250
17023
20748
17570
21147
13077
11411
11365
14075
8731
3704
2089
11845
18512
13886
18870
9209
12553
2146
17707
2356
21472
7405
13364
12949
16512
11428
1277
339
21388
16167
16716
7442
7751
14170
16900
21309
5767
259
19525
18593
933
17965
6051
18149
11035
19825
21206
19914
18467
14615
9776
16312
14250
18948
14705
999
18152
15540
18294
11309
14229
18496
19370
8809
14742
775
2866
16272
5548
19246
1698
15327
499
15521
11387
20643
3928
12524
13652
4287
12480
14168
18200
11583
21462
1605
18212
7961
771
7124
265
