19645
20161
6383
17775
14026
11759
15983
3324
14259
15123
10332
15475
20047
5802
10467
20191
20971
2723
10701
12546
19337
3434
21166
20299
1847
11582
8810
19355
9984
17838
15955
17299
8747
14754
159
17738
264
4935
21433
13351
8571
9593
803
20775
9536
20475
18932
13930
20728
13475
7462
7819
8942
16799
843
16117
14599
4090
5868
11531
14560
20928
16262
12580
18031
4544
6063
17551
14825
5480
911
3447
5106
10705
4698
15277
271
8457
11486
112
12810
3797
8053
13968
16516
12503
5348
2092
1900
6761
14297
33
4921
19756
19602
15604
7427
11463
15889
13399
13527
5102
5095
8678
19929
20392
15719
15554
11948
127
13180
17604
16030
9982
11941
11970
103
7948
13220
17430
7963
9121
12620
12874
15178
8792
19338
20311
5310
15258
19014
13049
13576
19737
17863
12717
17235
2575
16200
13412
3582
1720
10242
16449
15448
17158
4005
19839
6402
3589
15106
7137
16422
8729
14382
16358
4428
661
3275
14409
19594
12126
12981
4628
11836
4193
9823
6946
2646
4360
15268
9073
9122
10573
9290
3282
17213
12842
16690
16196
19178
17980
6934
5766
21121
15675
19157
16655
3192
6241
4572
16425
3033
3040
1587
1119
11680
2523
15544
15230
18406
11333
17669
9539
3739
9534
20168
10599
5582
5760
11908
13755
7396
1326
9680
17372
12490
7740
11999
18510
10697
3995
20786
19958
6808
17056
6604
4294
1036
5467
7609
3746
6534
455
20687
16738
1866
17972
12072
9164
1420
12195
1496
4873
11996
10518
3747
3560
10932
19452
7270
4354
5873
11536
517
16568
2386
11757
12368
13083
14828
2746
6651
19516
10882
3194
17888
4728
19044
18237
3215
16266
9615
3203
18194
7306
6893
8780
10395
8017
10009
1056
4297
20244
7086
3952
10563
470
7379
21445
17741
15049
6769
8394
7159
1924
15587
12824
3441
724
10471
9424
1262
7055
17961
20646
8513
3709
6883
6498
2312
20033
10691
2091
4835
19010
6274
13611
18389
20281
9219
8518
3331
6040
12125
19091
7702
17166
14826
15322
18853
21119
3729
8600
14017
10292
11439
6712
16688
6194
8795
1999
16350
7724
833
866
19405
8031
16468
18480
9296
12275
1570
3795
15058
10083
14115
19292
10623
9976
20765
13525
6001
19879
13347
12385
12912
18749
8354
6100
1911
6829
15378
2202
14561
19576
4587
2300
1154
16869
12330
9876
7811
5991
12643
16648
2145
19488
3869
1802
17349
11215
13547
5131
14678
10456
19491
18268
11723
1598
526
10969
13053
8903
17650
2287
19751
5668
1731
8162
2718
12262
5262
14661
3387
3550
5554
15723
9019
1240
2462
10153
19669
16392
21154
1485
9670
7160
14067
20699
10957
11514
9310
1719
18644
408
8756
5056
2154
10093
13317
18431
7579
17124
6251
9607
20916
16259
13593
1263
21291
8395
14135
13457
8610
6366
5470
13674
17819
16971
8249
1632
16625
20097
2405
20674
6627
4196
8254
17172
7312
21104
18124
18961
10287
9552
12452
17996
3901
20125
20240
20723
16804
2867
17758
9299
17709
5322
1692
977
19476
10046
16876
8713
10186
4082
15079
6266
3741
699
3080
20591
10852
16202
2401
17638
12021
3342
17844
5396
20543
15215
5062
6259
10792
20898
3532
5595
7314
12042
16135
18424
16550
2712
13146
13916
669
18146
9796
5587
16980
5022
15708
13078
8829
2063
142
11098
10962
4703
14282
21334
10720
3897
11675
14994
13419
4929
7140
6531
21371
4412
13649
3059
2196
1906
17969
5779
17350
15193
15681
4549
961
785
5882
7171
14625
5321
10682
14959
12893
4505
19473
38
4562
12865
424
566
12468
11804
5246
20521
13441
12994
4583
9715
19271
19385
9228
14150
6417
16372
8935
19469
15854
9860
11133
6968
1050
20378
10193
5840
15139
6162
10575
9599
15017
3646
9053
10709
9579
10729
13606
7176
16420
17902
2184
4533
9824
6532
9492
12016
4850
14410
3376
13822
5486
8734
14176
9535
20620
5158
4699
5183
11534
14047
2194
10586
16591
14065
6294
2357
11739
16213
10593
13673
20493
7186
18658
17779
4454
18438
16973
13719
10460
9583
4368
2113
9448
6252
14976
17342
20571
16050
4755
14874
11366
8621
16263
5852
9376
15071
1641
8046
20565
2769
4770
5602
6058
7522
9815
16974
14582
18336
6614
16004
2751
2589
14169
11164
12252
2535
16912
20637
897
13843
19783
18102
17443
9176
14783
10109
4343
14002
14808
13796
4112
6030
6448
11529
19975
16866
20262
14271
20831
20080
7789
6027
1113
13193
4226
12497
2918
7468
6240
15620
7414
8841
8831
19898
8103
18250
18483
17387
1633
9392
6718
19753
20258
16442
18014
11499
10707
17895
17028
8200
966
14890
17545
7509
5147
1695
7875
3920
2744
5294
11129
3220
19062
17900
18843
13653
2994
273
13314
21102
19279
8124
8486
10704
8235
1937
7518
4173
13991
306
17339
17070
14411
17968
12405
12857
7520
20005
13344
2619
5830
12491
7784
1364
20100
7606
13016
488
11871
5549
7969
3131
15600
2935
17135
17013
4065
10560
10357
3486
19920
20653
5616
9842
3452
17268
9693
12165
14167
12182
17428
1589
581
10694
5032
12626
7450
895
904
18020
4756
307
4599
1091
4906
8006
337
7119
19137
11977
19873
13005
17469
19723
14813
15097
1384
11217
20800
2772
5517
6896
15196
3656
10218
14426
5751
8616
12915
732
11084
20595
21351
17417
18210
12985
21301
19163
6188
16067
1180
3847
9338
19464
19515
16290
449
15358
7896
12917
2327
9252
17179
11275
17014
14210
12281
14843
17142
3531
4011
1893
15402
14997
5523
8794
12188
7220
7448
17003
7541
1341
13401
19038
1863
730
7859
18741
18986
18784
6577
5017
10553
20185
7297
6265
17444
16899
14244
14174
20826
11294
4424
2679
14731
18059
18416
2498
12018
15987
19237
7097
3330
8696
19523
20906
16735
17262
14377
20172
366
19990
4939
14683
9446
9794
18883
6572
14102
7441
220
13467
10737
1334
19216
8023
20464
13775
7467
11990
12032
14800
12525
12882
21089
12673
541
14990
1387
16564
1338
3938
14359
4147
19128
18659
11679
11163
1108
3793
5762
7208
19921
2396
8234
603
8736
14635
9039
4817
19186
2419
5304
21045
13952
1859
14930
15713
2228
2707
10531
1102
9340
225
