19475
19942
7145
17765
14192
12397
16090
3945
14433
15136
11192
15546
19734
6201
11227
19822
20767
3451
11317
12918
18967
3989
20897
19844
2121
12200
9303
18924
10971
17590
15757
17146
9246
14666
278
17388
322
5283
18779
13501
9103
10400
774
20278
10281
19798
18355
13938
20004
13587
8025
8301
9306
16519
787
15726
14403
4727
6141
11915
14350
20241
15908
12745
20949
5042
6282
17106
14594
5697
889
21319
5316
11218
5130
14893
323
8784
11710
194
12863
4285
8425
13817
16086
12567
5513
2171
2105
7235
14033
82
5216
18631
18515
14939
7882
11511
15069
13187
13272
20900
5279
8961
18690
19083
21454
14871
12000
208
13019
16918
19917
10239
11967
11994
172
8110
13013
16701
19599
9239
12539
12727
14565
19830
18032
18716
5422
14595
17694
20285
13112
18295
16906
12543
16355
2899
15050
13037
3950
1703
10286
15294
14613
16207
4396
18213
6414
19248
14331
7397
15118
8695
13800
15074
4759
607
3578
13749
17921
11887
12638
4899
11440
4603
9716
7077
19362
20664
14330
8990
9017
10452
9240
3577
20520
12484
19148
14791
17319
16586
6897
5660
14388
14454
17276
15062
3482
20631
4816
14908
3213
18597
1395
1074
11258
2637
14290
14120
16782
11111
16189
9276
21085
9269
18990
10228
5482
5536
11290
12937
7280
1223
9337
15625
11890
7511
11312
16672
19638
4163
11260
17543
6453
15085
6319
4563
20436
5356
7430
19185
6263
468
18021
14816
19243
20253
11299
19134
1283
11336
1361
4928
11248
9753
3915
3616
10173
17042
18705
4559
5584
11006
498
19226
2299
18475
11355
12324
13348
2855
6258
16967
10031
3158
15576
4782
16623
18774
3171
14265
9127
17628
15782
6823
6299
8126
9374
7490
9241
18140
4330
17175
6434
4015
9460
18075
6792
599
19480
13343
6203
7874
18181
1685
19031
11581
18620
19818
18335
8739
1101
18163
21302
16233
7884
3665
6219
6042
2178
16939
9409
1743
4739
16179
5836
12378
15374
16988
8412
7752
17597
20206
11017
21329
7058
14498
19716
13303
20685
20291
18390
17279
12518
9165
10123
6057
14104
5656
7944
1640
13901
6884
725
16821
16156
20063
20769
15091
8389
17864
18003
3643
19353
8982
12485
15846
9244
8822
10500
19606
5389
16247
11806
11000
18350
15094
7410
18383
1619
6010
13071
2087
12600
18257
4310
21030
891
13962
10788
8663
6620
5360
11102
19106
18047
15580
16956
1454
14178
9344
11637
4795
12573
19502
15412
14650
9811
1256
496
9232
18534
7553
14245
16469
16236
5208
1385
7071
2296
10375
4889
12498
3086
3151
20360
13003
7577
964
2159
8611
15271
13237
9372
18340
8288
6036
11913
9023
9028
9356
7957
1362
19472
367
16502
4614
1651
8500
17978
21194
6256
13660
16587
19581
2784
13046
11307
17691
18298
16824
20293
11249
7120
5430
4959
19414
13973
13312
16347
1242
13101
1164
2096
11009
5524
3769
6569
13433
5900
19601
14024
14429
8345
7950
9873
13937
3525
12632
4582
9400
13085
2268
13741
7526
13690
19089
16763
734
14589
8093
13057
6985
8120
3608
12247
5297
17537
546
17768
3535
8575
12714
1885
13452
18429
2618
20755
20474
2653
12229
4325
5272
8476
17916
2829
4891
5702
20492
12562
13821
12761
15677
10377
11128
540
16181
7815
4845
12921
4248
17750
18386
6665
15949
21272
14495
8383
3990
11240
13889
8184
17051
8886
11600
18792
4118
14484
5285
13102
17161
10664
2191
1611
1347
13169
16435
12933
16217
12071
3720
668
17317
4963
5499
15319
17906
20745
11347
17326
14110
14206
20000
3708
9396
350
493
9188
16353
16396
16989
17655
16380
13911
7407
13643
14748
18712
10816
5202
12224
6397
19235
16503
13825
8083
20403
16819
6850
17404
19223
11282
5069
7683
21374
11234
18526
13702
19937
7115
13463
9846
16342
19744
12770
18566
3579
16807
5197
6859
8532
3782
10591
2198
20347
4423
6069
10308
13617
5222
4025
16758
4034
8096
10030
17303
13616
11879
10016
4999
1592
17427
11437
18113
9486
7144
21055
12816
12517
17232
12732
11986
9458
7357
6574
3260
14736
6430
18966
10744
21028
15773
16796
14672
10549
17162
5849
16504
18935
17180
10717
1046
14016
1230
1741
13342
13875
4675
5305
6483
11507
9886
12478
5035
11122
17260
1618
13838
14839
13100
15041
11373
21288
601
9253
7239
19524
11807
20972
9920
6548
3110
17790
9879
9229
17723
19797
4825
17366
12926
19203
14136
16225
18245
20968
13065
4534
14028
8677
18871
20261
12753
5209
4667
15869
13315
5657
19382
14353
18138
11891
12051
21134
929
12625
4886
8529
8065
10968
11540
19181
14974
18954
11167
5342
604
13908
13591
5165
18343
1006
19997
17098
12723
3710
17509
12880
11454
19097
18971
8637
1636
300
8405
20743
11151
5247
5328
20887
15845
1097
5121
2568
12773
316
11047
10827
18824
14215
7510
7937
5100
21305
8174
1367
4018
19918
5126
736
9940
5075
14905
349
17603
14979
5139
16483
17209
1564
17613
10315
18055
18330
16000
1758
5970
2965
17988
5807
13359
10421
18669
7099
16052
12239
13043
781
423
6060
3133
7406
4821
542
11179
17257
12566
309
2651
12699
3056
18508
319
4635
17438
16438
3492
13154
10138
16957
8614
20309
729
6073
5867
16594
19034
19212
8707
11279
12379
8208
17163
12130
13036
13900
6000
21013
5127
13287
20809
10686
13828
2209
3981
16734
17219
2036
5302
14139
12282
18805
329
8591
14741
18874
1115
5235
9318
20790
16667
7895
19184
15229
9260
12752
15028
888
8430
8164
3382
11476
6237
12831
4447
9110
12564
633
13579
6908
830
17322
15369
12360
11168
17012
18445
14598
5454
1075
18830
14029
17137
16657
11024
13045
9379
9572
2164
15606
7597
13864
12684
1114
5884
11460
1233
4035
15415
11180
11701
8974
8537
8812
13671
751
11110
13202
21167
7451
13097
5205
608
16739
7080
4121
20976
17364
13655
12938
12045
17368
12568
6557
4113
17425
12396
7403
5881
6059
4254
5907
344
15372
9169
8064
12158
11323
19965
16242
9148
9777
13074
14664
14365
16229
11262
3846
6084
15198
20810
17751
18142
6835
4668
2128
16061
20594
2504
7514
18079
11410
17914
8984
883
9464
16191
537
4734
18196
16476
8679
18709
21366
4732
20340
5105
10158
2082
6468
11450
18322
19947
14045
15046
19361
20845
14105
6276
11638
14677
11223
3116
14725
16383
3536
20505
9692
16925
12655
17065
20741
451
1021
3258
18604
12606
5233
4296
16227
14619
3106
19593
5200
20780
20981
4974
19468
7516
20958
12545
1394
746
11814
8570
9341
14806
15632
13236
17140
16766
6416
10587
14632
3091
19543
11052
1658
15746
8274
14645
372
9560
6661
13047
12424
21103
8019
8911
9761
21162
14284
2858
14361
13214
20927
6403
7956
15972
7253
21263
342
21501
4128
20702
4003
4140
583
6068
21283
10677
17725
10569
531
15212
4818
18016
8674
8686
14008
4654
2515
12291
17958
12801
11229
15626
15310
17015
19497
5116
5709
7943
10503
5387
11830
20413
5218
15347
15547
11611
21349
14457
14993
16809
4169
16842
7908
10360
17127
7537
5675
15789
17615
14306
1335
10983
16034
13504
9407
17000
18601
18691
5148
11039
16492
3112
14649
9230
11224
3565
8002
1853
12959
8922
14701
12227
14857
4184
2531
6292
4331
5823
7562
18643
269
10098
5413
5748
5479
12529
20870
21072
1192
9835
20449
11319
14108
20183
5170
5728
16947
17620
14138
8314
17329
5510
550
12290
9569
16395
12250
6149
14875
19538
19871
4590
2749
1156
13884
15308
9858
7416
17234
19587
11263
14099
20862
19430
16333
9314
12123
18571
12076
18619
13252
7890
10979
9661
16805
18228
21331
17072
14219
8617
6353
8647
16574
12476
17828
17312
15368
3961
8258
18560
17198
11329
6480
10993
9082
12988
3679
1266
8998
14434
9719
12708
8099
1477
14540
14657
7477
9158
5258
1563
17001
13192
2518
13869
16141
20274
12422
7506
7195
5481
15075
612
4457
18847
7922
5373
5593
8937
13456
8509
8062
8016
2440
19379
17092
13230
5575
14889
16950
14187
525
15609
5229
18714
9108
4161
18110
4610
5211
515
15454
10873
3407
12936
13167
12015
2507
14443
4903
9320
10514
12407
13324
3887
19897
15582
18468
17149
17919
19380
12150
20445
9304
18341
14968
13001
10588
19240
4730
12334
7491
13415
14166
13006
14878
2165
665
10058
21016
8464
17943
17088
13531
12776
17526
13203
6050
16829
19465
11251
9576
11546
7976
12957
5532
5966
13107
3731
16862
14673
17369
5382
13590
19863
6048
664
16477
14909
20698
941
19624
718
12919
2180
20669
492
12457
8880
12475
17986
11174
16131
10965
18780
12550
5588
14093
5535
9001
14923
5771
20484
4097
12147
11474
13310
16923
3614
14655
19696
452
17285
12087
21224
5460
2543
20590
14055
12930
7428
20961
15206
12803
6269
11381
10145
5502
17089
14019
3612
12910
12925
12914
11403
20569
13999
21120
15040
15221
1400
6385
19559
20102
7425
7370
12575
14699
8786
12328
6107
14385
14917
14987
13959
14728
17188
2189
12785
15894
4968
20973
2212
17120
13713
14221
13683
12194
7517
5879
14280
18758
20491
3010
17881
5383
13966
5518
3591
14622
1331
15481
766
6180
18494
14052
13608
1797
7372
789
20381
18447
11204
14145
18171
9551
17982
18061
14477
12364
15082
19192
17081
19698
2098
11116
5236
7413
13273
1238
5845
8079
