19618
20110
6551
17882
14111
12117
15992
3597
14356
15169
10763
15508
19966
5957
10974
20078
20913
2966
11187
12728
19247
3663
21106
20239
1858
11943
9057
21341
10424
17846
15847
17265
8999
14761
180
17708
295
5193
19218
13493
8818
9962
784
20694
9803
20330
18762
14001
20615
13599
7821
8082
9155
16757
794
16014
14605
4305
6024
11842
14557
20744
16198
12722
17979
4803
6128
17435
14784
5598
894
3660
5240
11134
4950
15183
302
8640
11774
133
12889
3996
8243
13989
16399
12624
5471
2118
2027
6898
14246
1
5144
19518
19291
15409
7570
11688
15647
13414
13571
5234
5231
8865
19611
20014
15531
15325
12129
147
13173
17378
15778
10241
21464
12136
130
8097
13208
17220
8100
9221
12688
12901
15006
8943
18980
19903
5416
15063
18660
13039
13532
19330
17577
12731
17043
2663
15962
13331
3738
1687
10498
16222
15174
16949
4168
19423
6428
3754
14936
7293
16186
8849
14235
16120
4645
617
3505
14239
19121
12221
12946
4828
11932
4417
21239
7046
2698
4601
15009
9146
9170
21411
9321
20530
20633
12787
16352
15829
18678
17579
6942
5804
21436
15264
18648
16267
3351
6254
4766
20544
3177
20322
1481
1099
11733
2556
15111
14949
17985
11380
17255
9545
3904
9508
19548
10754
5654
5776
11921
13609
7439
1247
9701
17002
12474
7894
12024
18023
10964
4136
11901
19282
6799
16680
6564
4497
958
5496
7791
3898
6475
467
19941
16251
1826
17401
12078
21171
1373
12189
1405
4994
11964
10550
3896
3687
11014
18718
7321
4538
5869
11461
508
16107
2368
11674
12297
12942
14491
2854
6568
18732
11001
3300
17258
4865
18364
17595
3344
15702
9556
19827
17533
20597
6821
8699
10353
8029
9865
973
4463
19366
7027
4040
10551
490
7391
613
17139
14659
6610
8352
7102
1864
14999
12647
3570
691
10391
20443
1224
6927
17241
18281
8463
3816
6687
6404
2281
19122
10669
2079
4936
18218
6187
13249
17600
19285
9133
19586
3478
5943
12012
18254
7620
16557
14335
14792
20126
20781
3822
8523
13610
10089
11301
6554
15997
6093
8671
21326
15585
7607
783
21237
18482
7999
15752
17601
9218
12118
1459
19938
14590
9844
13665
18365
10524
9639
11769
13095
5871
18801
12973
12174
12642
17813
8197
6041
1827
19841
14750
2177
14040
18521
4653
2211
1095
16093
12115
9561
7623
5857
12394
15812
2109
18441
3937
1684
16600
11065
13076
5153
14107
10134
18395
17275
11400
1463
514
10723
12743
8680
16838
2192
18598
5580
1642
8071
2696
20142
21020
14068
19508
3604
5475
14903
8819
1179
2350
9737
18497
15380
11247
1376
9371
6916
13502
10619
10629
11254
9153
1631
17508
379
8539
5059
19075
9657
12891
17287
7449
16211
6083
9324
3273
15197
20705
1201
18863
8121
13526
20502
8372
6138
5381
13090
16836
15977
8076
1486
15560
1375
2303
12715
6365
4171
18641
16203
7018
20753
17019
17664
9728
9262
12056
16946
3921
14755
5117
11597
15714
2839
16749
9080
16720
5269
1615
892
18156
9506
15767
20909
9573
4067
14272
6074
3733
627
2967
3954
10497
15012
2288
16593
20717
3308
16744
5289
18896
14371
4989
6062
10396
6503
3557
5453
6925
11467
20599
17112
15299
2631
12664
13103
19682
16933
19604
5436
18469
4962
14668
12599
8489
1817
170
10583
10435
4655
13522
17445
20763
3893
11225
14112
12804
4868
19565
6184
16521
4291
12945
2948
2149
1739
16730
5560
16184
14241
14627
4468
884
742
5666
6744
13721
20856
10067
14059
12372
4400
17912
61
18090
12314
18761
539
11883
11233
5188
16666
12767
12459
20056
9255
17630
17760
21240
13259
6087
19626
8506
17771
14642
9294
10533
6464
905
8938
9429
18941
14143
5886
9833
9203
14057
3611
8599
10043
9178
10052
12861
6630
14989
16481
20945
4385
18544
6129
9087
11298
20335
13453
3230
19857
5293
8233
13211
9114
6354
5030
20470
5051
11002
19027
2125
18845
15052
13084
6019
2181
11135
14762
20394
12873
9342
6592
16999
16278
4275
20361
15332
12881
9516
9128
4188
1852
8987
5920
13915
21298
6246
18103
4617
13782
10719
8092
21284
5539
8940
21203
20718
7486
20662
2623
17383
5365
5729
7053
19276
15265
13434
16702
20709
14522
2616
2337
13091
10346
18985
18988
20634
14717
786
12879
19741
16414
15832
8598
13634
9300
4149
12944
13648
12818
3968
5655
6052
10755
15175
15084
7190
13119
14037
12970
7166
5623
19738
12412
18466
11573
2676
6888
5850
14214
18161
8186
8176
11236
7502
16453
20066
20871
1401
8846
6143
12345
11750
14751
16223
20242
9635
16130
15152
7548
856
13618
15806
6892
19544
1493
7170
3773
2529
5129
10071
2951
16356
19109
16827
12683
18925
291
12447
18024
21392
7489
7852
9565
7547
1676
6889
3997
12835
314
15471
15096
18293
16097
11353
11926
17104
1109
12441
20266
5434
11436
7057
1212
14637
6913
20788
20011
21379
5261
7229
2776
14064
2639
15113
20462
20023
9373
9273
17632
9254
18004
5292
9063
3198
20369
8985
11189
12928
11194
15390
1365
533
9479
4788
11490
19656
779
19310
19733
4472
16856
4276
900
4640
16968
327
6304
20656
10987
18519
12030
15360
164
13329
13641
1225
20486
9370
2524
5224
6131
13666
3511
9192
13008
5308
7880
11849
20533
20192
15194
20028
15245
16039
11957
20714
19702
5711
14148
993
3630
8585
21381
13615
14333
18000
13737
18587
11815
2135
8447
15000
9978
14877
12854
11185
19531
14961
3219
3805
1625
13728
13367
5214
7953
11093
6335
6490
14801
6647
1159
12236
12055
1608
616
6909
16578
9604
15110
16299
4672
9268
19834
17605
5756
16124
14691
12815
12765
16032
17227
18313
2283
17576
15672
15663
2170
10738
14003
2374
18158
2927
7832
8433
20711
21330
14958
17454
1475
341
20237
20079
13031
8554
8830
18851
5891
12678
6429
215
12206
18279
1110
5925
6986
5451
12449
6457
10602
10706
19807
18193
11481
16767
11285
506
13209
1205
14302
15819
3671
20431
3867
17093
16894
18197
20245
903
3558
5264
6226
12039
2150
7243
535
7743
12932
8050
4338
14079
2153
4955
14032
12465
1571
18652
13656
2045
16041
19968
898
8358
244
