19672
20154
6163
17851
13776
11161
15823
2938
14101
15138
9828
15441
20088
5512
9926
20205
21017
2542
10194
12035
19421
3026
21245
20336
1772
11038
8388
19448
9589
17939
15824
17398
8337
14687
86
17871
165
4489
19454
13109
8144
9345
805
20879
9261
20535
19028
13706
20820
13254
7148
7438
8555
16830
835
16042
14492
3707
5619
11016
14449
21064
16275
12142
18195
4100
5832
17737
14838
5179
920
3055
4666
10266
4263
15389
176
8043
11005
36
12444
3422
7685
13797
16605
12063
5027
1932
1836
6538
14253
5
4496
19967
19803
15696
7121
11008
15904
13225
13376
4674
4663
8322
20158
20575
15808
15664
11455
50
13002
17880
16051
9667
11453
11487
32
7601
13062
17704
7621
8779
12249
12582
15356
8450
19627
20550
5012
15461
19294
12870
13464
20019
18144
12371
17521
2451
16316
13294
3211
1714
9894
16629
15639
17420
3668
20159
6268
3221
15326
6910
16607
8424
14440
16545
4045
622
2937
14468
19933
11741
12812
4234
11409
3868
9620
6762
2496
4008
15537
8781
8828
10226
9106
2950
17553
12598
16916
16376
19546
18358
6755
5544
15791
15900
19536
16883
2874
6135
4179
16687
2770
2775
1545
1132
11318
2403
15800
15545
18814
10990
18105
9413
3395
9402
20572
10300
5388
5545
11527
13792
7152
1307
9585
17825
12214
7512
11635
18955
10408
3685
11541
20430
6668
17413
6526
3980
1025
5242
7459
3417
6460
373
21163
17073
1841
18454
11777
8951
1436
11911
1500
4520
11668
10220
3424
3216
10584
19959
7085
4036
5736
11259
459
16938
2355
11447
12113
13106
15140
2638
6598
20053
10590
2905
18414
4378
19603
18778
2930
16639
9596
2916
18740
7128
6771
8564
10132
7796
9856
1057
4010
20805
6948
3657
10335
400
7188
631
18345
15477
6679
8183
7030
1902
16009
12740
3119
688
10229
9401
1286
6926
18570
19683
8300
3396
6773
6495
2294
20704
10499
1972
4509
19668
6279
13784
19029
20932
9095
8327
3044
5929
11928
19755
7572
17783
15246
15848
19512
53
3429
8444
14230
10128
11272
6697
17192
6181
8649
1923
16858
7594
858
869
20145
7883
17011
19195
9284
12160
1561
3508
15596
10024
14427
20071
10486
9914
11816
13736
5909
20658
13551
12277
12964
19496
8223
6079
1916
6794
15970
2205
14950
20366
4280
2302
1173
17461
12240
9892
7686
5915
12611
17228
2068
20295
3586
1815
18115
11041
13802
4858
15167
10324
20317
19078
11601
1595
482
10783
13251
8815
18481
2285
20612
5597
1776
8114
2650
12228
5076
15166
3111
3255
5472
16348
8968
1271
2432
10130
20570
17046
11406
1525
9786
7138
14460
10785
10801
11459
9395
1763
19527
348
8706
4794
2101
10124
13629
19345
7612
21473
6320
9759
3039
16948
13946
1311
9043
8332
14602
13808
21447
6441
5369
14083
18744
17728
8240
1661
17359
1535
2421
13397
6724
3998
8255
18056
7292
21370
19090
19949
10285
9705
12487
18969
3661
16466
4905
12086
17599
2797
18747
9421
18711
5230
1753
1017
20510
10121
17687
8723
10238
3878
15878
6388
3503
686
2892
3740
10862
16964
21015
18679
12033
3108
18872
5309
3195
16060
4838
20917
10828
6992
3270
5592
7332
12089
16896
19499
17410
2681
13549
14395
670
19225
9983
20894
17885
4813
16540
13489
8868
1990
72
11088
10942
4483
14954
20072
10804
3682
11747
15838
13899
4724
7218
6680
20904
4191
14179
2907
2238
1941
19110
5796
18461
16110
16579
4321
1004
811
5951
7275
15357
5266
10771
15818
13239
4284
20692
11
4337
13196
361
562
12645
11884
5149
19146
13977
13423
4370
10000
20536
20677
9382
14868
6594
17344
9036
20730
16770
10107
11213
7091
1084
9541
10363
5899
16143
6325
10713
9934
15984
3450
9187
10878
9908
10902
14220
7315
17440
19159
2215
4327
10103
6733
9792
12181
4687
15240
3170
21007
5511
8866
14971
9850
7028
5021
4526
5052
11738
14782
2254
10764
17685
14822
6522
2420
11930
17248
21006
14374
10373
7349
20027
19130
21065
19811
18119
14436
10626
9964
4221
2085
21009
6477
16008
18676
21175
17078
4593
15874
11625
8785
17370
5973
9742
16173
1716
8179
1987
2791
4613
5693
6207
7765
10167
18187
15496
19781
6876
17061
21285
2603
15065
11354
12583
2563
18128
17419
959
14612
11064
19562
18865
9432
15828
10448
4225
14821
15879
14593
4004
6172
6727
11828
18236
18123
7983
15241
16467
14957
7971
6173
1197
13903
4130
12906
20914
7708
21146
16846
7610
9085
9071
12423
8349
19794
20055
18877
1711
9841
6999
13885
13125
17733
19575
11850
11043
19438
18408
8480
1032
16049
19102
7793
5079
1807
8070
3806
2785
5329
11412
3097
19860
19477
20465
14539
2945
193
14128
14020
18901
8431
8718
11071
8535
2021
7843
4120
14926
233
18918
18537
15526
19607
12871
13491
7860
1359
14199
2649
6012
21376
8033
1451
17776
7936
21136
439
21363
5698
8216
3046
16954
2933
18693
18501
3999
10945
10726
3335
10676
4650
5809
10355
3306
18917
10255
12635
15279
12661
19114
1656
584
11127
4980
13234
7762
965
989
20708
4683
242
4523
1150
4853
8273
299
7431
12003
12429
5435
13839
19206
74
16144
16566
1499
11639
11062
2856
5685
7221
16679
3553
10681
15676
5940
8965
13711
758
11502
19115
8918
19193
20064
13855
6124
4302
6542
17501
1260
3768
9907
6931
16668
17835
394
16895
8225
13748
2455
9745
18939
11778
18685
15459
12909
16261
18899
3408
3991
2006
16969
16497
5731
9191
12794
7592
7831
18703
7991
1438
14444
14152
1971
756
8205
245
11616
19328
7015
5024
11073
2424
7664
6701
19369
18605
15574
15485
20412
11864
4394
2757
16182
20067
20070
2582
12614
17519
2884
7492
3252
9149
9916
19407
18463
20504
15783
1886
334
6816
4960
16159
10118
10485
1478
7037
15420
7865
144
14636
11363
1431
7090
8438
6361
15029
7929
12616
12698
16361
13321
13831
8385
13503
556
16632
1536
18351
1445
3936
15822
4176
8230
9092
12346
11749
1221
3756
6046
7660
14496
2566
8749
620
9247
16163
9587
4839
18048
2584
5505
17952
15263
1996
16596
17452
2398
2825
11156
1208
10070
157
