19657
20148
6330
17754
13992
11622
15940
3278
14224
15103
10223
15405
20058
5772
10345
20188
20980
2705
10618
12473
19351
3374
21184
20304
1830
11475
8714
19365
9859
17817
15888
17284
8675
14726
146
17731
241
4870
19356
13316
8503
9554
807
20817
9482
20489
18933
13894
20756
13435
7424
7706
8858
16768
840
16098
14569
4027
5842
11433
14515
20963
16254
12515
18022
4474
6047
17562
14811
5448
908
3393
5038
10631
4634
15262
258
8344
11404
102
12758
3749
7996
13942
16515
12448
5306
2081
1895
6666
14275
2
4857
19804
19639
15584
7394
11394
15863
13360
13500
21299
5025
8618
19983
20438
15705
15541
11885
121
13133
17631
16022
9871
11880
11902
95
7877
13200
17463
7891
9041
12558
12841
15189
8705
19400
20367
5288
15260
19069
13032
13545
19787
17889
12660
17263
2544
16214
13375
3541
1727
10152
16465
15451
17181
3962
19911
6373
3552
15114
7103
16445
21410
14381
16390
4367
647
3233
14402
19658
12064
12965
4578
11766
4152
9744
6915
2624
4306
15282
9009
9056
10539
9274
3247
17243
12805
16713
16216
19229
18011
6906
5747
15564
15700
19214
16674
3148
6235
4525
16461
2983
2999
1576
1117
11606
2511
15555
15259
18453
11296
21399
9509
3706
9501
20257
10570
5570
5742
11856
13753
7353
1304
9636
17442
12463
7674
11944
18585
10652
3960
11861
20052
6781
17100
6579
4265
1022
5440
7557
3717
6505
446
20766
21346
1870
21325
12041
9134
1412
12164
1492
4827
11951
10493
3719
3526
10791
19550
7233
4309
5861
11485
511
16640
2377
11697
12322
13088
14882
2740
6635
19612
10778
3167
17947
4680
19154
18311
3197
16336
9602
3173
18270
7266
6863
21429
10338
7958
9960
1055
4274
20350
7066
3929
10546
463
7330
660
17834
15089
6709
8340
7141
1922
15646
12820
3403
723
10442
9416
1268
7039
18028
19170
8482
3676
6832
6500
2319
20211
10658
2086
4802
19143
6277
13638
18488
20420
9201
8493
3307
6028
12093
19204
7645
20997
14895
15404
18963
122
3702
8584
14044
10269
11426
6706
16755
6202
8757
1977
16426
7680
837
868
19574
8011
16571
18600
9298
12267
1574
3766
21079
10077
14161
19490
10611
9939
11988
13568
5995
20044
13395
12381
12927
18889
8316
6099
20697
6822
15491
2206
14616
19735
4556
2308
1149
16979
12323
9875
7766
5985
12651
16729
2143
21226
3839
1823
17481
11197
13580
5110
14749
10453
19641
18404
11718
1600
523
10930
13080
8869
17802
2290
19926
5664
1742
8132
2720
12273
5253
21405
3359
3516
5559
21413
9010
1243
2473
10157
19854
16484
11472
1490
9677
7163
14123
10870
10893
11520
9323
1729
18802
401
8741
5028
2155
10133
13374
18594
7576
17231
6261
9629
3274
16388
13647
1279
9067
8378
14194
13528
8603
6381
5469
20911
17976
17077
8244
1637
16741
20811
2416
13147
6650
4183
8251
17291
7318
21151
18288
19149
10295
9563
12470
18175
3891
15932
5118
12088
16962
2876
17927
9315
17905
5325
1713
983
19673
10065
17009
8720
21480
4066
15202
6289
3727
695
3074
3942
10871
16334
2413
17827
12034
3328
18005
5398
3420
15362
5039
6278
10793
6943
3509
5603
7343
12059
16241
18618
16718
20348
13221
13998
672
18328
9848
5599
17101
5002
15934
13152
8837
2064
136
11113
10960
4681
14390
20750
10745
20137
11714
21487
13512
4912
20288
6561
17948
4389
13735
20061
2204
1913
18180
5791
17546
15338
20136
4535
968
788
5894
7215
14718
5332
10696
15072
12948
4491
19721
29
4541
12923
412
573
12501
11847
5251
18174
13538
13063
4569
9799
19555
19667
9250
14261
6442
16526
8948
19845
16057
9925
11177
7021
1054
9331
10251
5853
15306
6206
10620
9665
15162
3631
9102
19940
20248
10767
13695
7232
16612
18121
2190
4514
9877
6570
9548
12049
4844
14591
3367
13960
5509
8764
14313
9566
6917
5155
4689
5182
11596
14149
2203
10633
16777
14171
6363
2369
11827
16394
20883
13848
10217
7244
18922
20823
4453
18704
17136
13907
10517
9656
4375
2120
9520
6286
15107
17585
6815
16221
4740
15013
11441
8669
16458
5877
9470
15248
1657
8054
2000
2777
4762
5635
6075
7566
9884
17143
14703
18611
6667
16195
2767
2622
14316
11208
12341
21105
17097
21093
902
13994
10875
18377
17693
9226
14955
10240
4355
14114
14980
13970
4119
6054
6502
11605
17144
20661
7856
14437
15482
14200
7840
6053
1121
13327
4246
12570
2955
7507
6271
15952
7443
8902
8877
20813
8128
18532
18800
17644
1647
9500
6818
13291
12738
16700
18305
19809
10775
20140
17225
8257
975
15054
20706
7546
20098
21101
7915
3925
2765
5315
11199
3240
18553
18188
21502
13860
3021
263
13468
13373
17617
8190
8534
10774
8333
2040
7573
4198
14119
298
17616
17273
14630
18278
12494
19853
7583
1296
13518
2636
5863
12589
7855
1371
16661
7707
21169
485
11963
5586
8021
3163
19381
2971
17386
17223
4078
10642
20808
3488
10432
4736
5690
9993
3456
17573
9855
12254
14355
12274
20937
20382
585
21356
5047
12744
7495
901
919
18352
4767
301
4609
1098
4922
8040
332
7180
11652
20009
5374
13132
17780
134
15025
15370
1399
20939
10702
2835
5566
6960
15497
3672
10359
14654
5784
8682
13038
735
11186
17662
8650
17736
18565
13110
5917
4381
6253
16314
1203
3866
9453
6617
15434
16577
20842
15697
7966
13041
2353
9312
17494
11371
17254
14413
12443
15055
20899
3534
4028
1915
15759
15232
5578
21348
12318
7344
7499
17250
7687
1357
13588
13340
21241
733
7932
19111
11231
17778
6671
5048
10656
2326
7400
6370
17807
17156
14501
14400
18811
11416
4462
21459
14969
18451
18841
2519
12131
16237
19045
7175
3354
8805
9391
17811
17047
17606
14646
1794
352
6446
4969
14933
20146
19155
1374
18879
14315
7498
206
13668
10959
1344
6774
8077
6076
14025
7529
12095
12176
15044
12689
13028
8044
20984
543
15249
1408
16930
1354
3959
14641
4178
7907
21129
11882
11264
20951
3807
5808
7355
13543
2499
8384
606
8842
14886
9159
19714
16598
2512
5363
16496
14140
1896
21131
16126
2284
2741
10651
1112
9487
219
