19685
20174
6305
17804
13982
11577
15941
3248
14223
15122
10142
15419
20086
5759
10288
20212
21019
2704
10574
12438
19375
3332
21210
20331
1843
11435
8687
19398
9825
17875
15896
17321
8653
14734
140
17782
232
4834
19394
13299
8475
9547
821
20859
9467
20523
18975
13887
20792
13427
7404
7667
8833
16806
846
16116
14578
3994
5828
11393
14535
20988
16279
12482
18060
4436
6032
17607
14831
5419
910
3358
4997
10598
4598
15295
246
8294
11367
94
12741
3723
7949
13944
16559
12410
5290
2078
1899
6662
14286
27
4823
19849
19701
15607
7364
11361
15922
13356
13497
4998
4985
8601
20029
20481
15739
15565
11840
115
13143
17702
16053
9857
11832
11876
80
7841
13199
17534
7873
9016
12537
12827
15226
8693
19492
20434
5274
15304
19139
13035
13550
19846
17950
12640
17323
2545
16243
13384
3512
1732
10120
16511
15506
17240
3941
19976
6369
3522
15187
7088
16488
8662
14407
16433
4328
656
3208
14428
19743
12047
12968
4555
11727
4131
9731
6900
2626
4279
15345
8992
9031
10528
9272
3226
17314
12806
16761
16257
19300
18081
6894
5734
15616
15755
19289
16727
3136
6238
4494
16514
2973
2984
1581
1120
11592
2516
21278
15321
18543
11284
17830
9526
3683
9515
20337
10558
5565
5726
21214
13807
7327
1309
9653
17536
12451
7634
11929
18670
10641
3940
11838
20149
6784
17164
6591
4243
1038
5425
7555
3694
6533
442
20867
16874
1892
18120
12037
9131
1417
12154
1498
4810
11934
10489
3699
3501
10772
19654
7234
4290
5862
11482
509
16712
2399
11694
12321
13114
14938
2743
6654
19732
10769
3157
18036
4659
19251
18420
3178
16413
9617
3166
18369
7271
6870
8715
10333
7952
9973
1058
4257
20468
7070
3910
10548
460
7326
659
17960
15185
6767
8334
7147
1962
15742
12840
3380
722
10447
9455
1278
7045
18147
19277
8481
3662
6858
20943
2343
20321
10663
2083
4784
19262
6303
13669
18608
20560
9213
8494
3295
21342
12103
19325
21372
17353
14962
15518
19108
21235
3686
8596
14090
21470
21440
20795
16875
6223
8766
2007
21038
7679
854
874
19705
8010
16689
18743
9313
12289
21034
3745
15225
10097
14228
19621
10625
9981
11998
13601
6005
20207
13443
12401
12956
19033
8336
6113
1967
6838
15590
2234
14667
19864
4543
2334
1153
17079
12351
9909
7773
6002
12685
16855
2148
19793
3818
1837
17608
11210
13635
5099
14834
10487
19801
18549
11746
1609
522
10928
13142
8892
17956
2311
20094
5676
1777
8151
2737
12306
5252
14814
3346
3504
5568
16019
9030
1249
2509
10216
20025
16651
11503
20922
9734
7185
14197
10883
10923
11552
9353
1744
18973
392
8767
5011
2160
10164
13445
18768
7616
17381
6287
9679
3265
16495
13709
1284
9105
8407
14279
13592
8625
6410
5474
21382
18133
17187
8268
1648
16893
1518
2478
13218
6689
4177
21320
17474
7347
21450
18457
19309
10340
9597
12493
18332
3877
21225
5113
12127
17084
2923
18100
9349
18058
5341
21148
990
19859
10111
17134
8753
10271
4043
15334
6348
3714
704
3083
3934
20452
16459
2495
18007
12060
3325
18192
5410
3409
15533
5033
6343
10845
6976
3494
5624
21277
12102
16393
18839
16878
2739
13309
14069
677
18525
9895
5617
17238
5000
16072
13238
8857
21292
131
11150
10978
4688
14554
19340
10789
3879
11794
15252
20391
4913
7211
6603
18136
4388
13891
3085
2240
20629
18367
5821
17748
15529
16083
4537
974
792
5937
7268
14844
5353
10742
15218
13021
21040
19924
28
20606
12978
415
575
12551
11898
5260
20838
13623
13144
4570
9870
19760
19884
9281
14387
6489
21046
8997
19930
16208
10028
11216
7065
1061
9384
10321
5874
15517
6249
10666
9763
15314
3632
9144
10815
9722
10839
13877
7284
16792
20328
2201
4528
9994
6623
9590
20731
4847
14689
3363
14048
5528
8816
14438
9630
6962
5161
4695
5186
11682
14270
20122
10693
16995
14299
6405
20890
11897
16573
10703
13981
10294
7309
19165
18267
4460
18953
17305
14012
10565
9758
20131
2132
9570
6362
15280
17818
6875
16398
4764
15179
11530
8711
16678
5905
21393
15465
1678
8088
2055
2852
4774
5683
6112
7672
20012
21160
14855
18884
6782
16365
2788
2643
14480
11267
12439
2592
17272
16694
909
14097
10975
18626
17951
9270
15092
20824
4371
14242
15130
14072
4126
6078
6575
11711
17333
17252
7906
14628
15707
14345
7892
6077
1144
13450
4261
12680
2996
7552
6349
16140
7478
8964
8947
12242
8206
18825
19084
17918
1673
9567
6891
13421
12828
16927
18583
11704
10908
18437
17471
8363
986
15238
18083
20969
5174
1756
7962
3932
2781
5347
19765
3257
18854
18449
19436
14000
3077
256
20654
13517
17910
8262
21250
10921
8413
2073
7689
4229
14262
294
17911
17539
14787
18550
12588
13052
7696
1312
13644
2664
5896
12707
7911
1381
20368
7804
13289
484
12043
5634
8060
3190
16165
3022
17648
17488
4091
10722
20987
3498
10523
4769
5755
10095
3463
17869
9997
12380
21361
12403
18018
1620
590
10934
5073
12852
7551
907
938
18665
4797
297
4632
1105
4945
19817
331
7282
11809
12173
5408
13295
18063
21504
21186
15642
20925
11392
10806
2875
5601
7060
15772
3688
10502
14841
5838
8772
13168
739
11268
17971
8717
18030
18904
13288
6009
4414
6321
16533
1220
3880
9555
6708
15722
16851
443
16028
8037
13184
2380
9403
17793
11491
17544
14643
12541
15270
17746
3537
4057
2026
16082
20722
20193
19680
12454
7409
7563
19268
7795
1368
13758
13515
1920
737
8013
19395
11330
18082
6819
5082
10757
2358
7447
6439
20936
17432
14698
14634
19161
11550
20074
20214
20799
18813
19171
21157
12256
16486
2881
7286
3373
21386
9531
18131
17278
17949
14845
20578
357
6556
5008
15132
9690
10139
1386
6820
14568
7565
202
13920
11068
1363
6873
8135
6140
14191
7669
12233
20500
15275
12813
13181
8098
12941
547
15557
1457
20955
19228
3973
19144
19572
8005
8817
12006
11386
1146
3836
5865
7420
13718
2527
8511
609
8958
19746
9248
4880
16922
2538
5411
21368
14341
1926
15499
16374
2333
2774
10760
1126
9592
213
