19694
20153
6284
17800
13954
11495
15905
3199
14208
15134
10074
15410
20075
5717
10211
20201
21003
2683
10536
12373
19372
3293
21215
20319
1832
11368
8651
19393
9749
17883
15865
17331
8602
14727
137
17791
224
4790
19387
13275
8396
9524
825
20852
9439
20503
18981
13853
20782
13396
7360
7586
8791
16801
853
16106
14574
3951
5795
11338
14523
20999
16276
12446
18073
4369
6003
17619
14835
5392
912
3312
4952
10556
4551
15312
237
8236
11321
77
12711
3684
7905
13926
16567
12362
5263
2060
1894
6636
14288
23
4787
19869
19727
15613
7316
11316
15909
13337
13473
4954
4943
8567
20045
20483
15741
15578
11785
109
13120
17730
16055
9813
11767
11810
68
7788
13183
17548
7816
8978
12492
12799
15254
8658
19519
20435
5248
15330
19156
13018
13534
19877
17975
12596
17363
2537
16253
13370
3475
1734
10073
16527
15523
17266
3912
20010
6358
3479
15217
7061
16507
8626
14420
16455
4277
652
3175
14439
19766
12020
12952
4510
11683
4095
9700
6885
2614
4240
15373
8959
8996
10495
9259
3183
17356
12784
16784
16274
19344
18122
6872
5694
15635
15774
19334
16748
3099
6224
4441
16554
2946
2949
1580
1124
11548
2508
15629
15361
18576
11250
17894
9512
3637
9502
20372
21465
5540
5679
11799
13813
7294
1323
9624
17575
12416
7603
11896
18710
10604
3913
11803
20210
6770
17210
6581
4189
1041
5409
7545
3652
6510
433
20921
16910
1888
18165
12014
9101
1418
12120
1511
4772
11905
10443
3658
3460
10750
19720
7209
4252
5851
11444
504
16742
2393
11656
12294
13128
14970
2735
6637
19778
10747
3118
18087
4623
19312
18458
3145
16451
9611
3134
18425
7255
6853
8698
10298
7927
9935
1064
4215
20513
7056
3882
10530
454
7301
658
18019
15236
6715
8291
7130
1945
15797
12834
3343
721
10403
9454
1282
7014
18205
19346
8451
3624
6834
6529
2342
20387
10648
2076
4754
19329
6300
13688
18683
20623
9195
8473
3262
6022
12084
21444
7624
17441
15004
15575
19167
21270
3649
8573
14117
10262
11414
6734
16940
6221
8752
1997
16581
7661
855
877
19782
7993
16737
18829
9309
12280
1586
3716
15284
10086
14267
19717
21012
9969
11978
13632
5997
20280
13465
12390
12963
19123
8302
6110
1960
6833
15653
2236
14721
19973
4508
2338
1155
17131
12348
9902
7744
5996
12687
16931
2144
19878
3791
1840
17706
11195
13658
5058
14901
10457
19895
18639
11729
1612
518
10880
13176
8871
18037
2316
20194
5669
1782
8137
2730
12310
5237
14883
3316
3474
5564
16088
9013
1257
2505
10202
20128
16715
11493
1523
9747
7184
14247
10864
20630
11547
9364
1757
19086
390
8759
4983
2158
10171
13484
18875
7614
17491
6297
9699
3238
16580
13764
1299
9091
8401
14346
13633
8623
6415
5466
13931
18235
17267
8264
1654
16986
1546
2485
13262
6695
4155
8290
17572
7333
21249
18564
19439
10334
9614
12499
18442
3850
16137
5088
12128
17153
2893
18204
20542
18169
5331
1740
994
19998
10125
17218
8754
10280
4020
15457
6360
3689
706
3063
3916
10901
16551
2487
18117
12069
3301
18301
5404
3378
15621
5007
6355
10849
6980
3466
5627
21389
12116
16474
18952
16983
2736
13358
14132
680
18645
9930
5625
17347
4981
16161
13298
8862
2072
129
11157
10973
4658
14623
19511
10797
3857
21468
15353
13646
4890
7226
6619
18265
4359
21500
3071
2248
1975
18493
5824
21051
15622
16175
20686
981
795
5949
7277
14940
5350
10752
15318
13055
4464
20069
25
4522
13026
411
576
12578
11909
5255
18498
13678
13207
4547
9896
19906
20039
9297
14500
6519
16843
9000
20081
16293
10047
11226
7072
1073
21396
10344
5883
20363
6260
10690
9818
15468
3615
9154
10830
9767
10855
13949
7300
20665
18472
2208
4501
10035
6645
9622
20432
4829
14790
3341
20760
5538
8823
14579
9675
6975
5154
4679
5180
11706
14363
2253
10708
17099
14398
6421
2406
11914
16710
10725
14041
10329
7320
19313
18415
4438
19125
17464
14084
10577
9819
4361
2134
9605
6375
15427
17973
6890
16510
4747
15292
11556
8733
16788
5932
9571
15593
1683
8095
2051
2848
4765
5699
6130
7688
10055
17495
14966
19049
6809
16478
2799
2641
14611
11295
12466
2608
17431
16813
918
14183
10986
18812
18091
9291
15234
10378
20271
14352
15266
14156
4114
6096
6612
11765
17516
17416
7924
14724
15912
14463
7912
6094
20682
21204
4245
12725
2995
7581
6372
16249
7500
8986
8980
20935
8247
19002
19250
18074
1679
9606
6902
13507
12884
17060
18775
19900
10958
18609
17627
8402
20405
15382
18271
7681
5172
1787
8003
3919
2789
5357
11304
3241
19043
20636
19650
14087
3066
248
13685
13607
18066
8331
8634
10961
8465
20301
7725
4216
14386
290
18070
17722
14920
18759
12652
20933
7741
1332
13751
2674
5934
12756
7938
1391
17044
7839
13380
478
12082
5662
8087
3176
16282
3032
17861
17654
4086
10765
10589
3480
10554
19984
5768
10177
3458
18040
10057
21362
14679
12460
20422
1627
593
10976
5072
12922
7595
913
946
18887
4789
292
4624
1111
4947
8106
330
20040
11866
12230
5417
21390
18275
20300
15392
15883
1456
11449
10872
20429
5626
7089
16010
3677
10544
14981
5854
8813
13276
744
21332
18167
8765
18242
19133
13390
6039
4405
6367
16732
1228
3876
9603
6791
15982
17027
438
16188
8061
13293
2402
9496
18001
11570
17756
14781
12613
15483
17963
3530
4053
2039
16224
15711
19724
20182
12509
7437
7633
17757
7850
1378
13941
13619
1949
741
8041
293
11391
18307
6867
20433
10836
2372
7482
6493
18339
17637
14851
14774
19378
11631
4492
2742
15351
19060
19390
2555
12352
16704
2919
7340
3366
8953
9582
18359
17503
18160
20768
1856
360
6605
5013
15313
21258
10246
1402
21096
14702
7666
200
21279
11165
1372
6903
8221
6191
14343
19762
12327
12404
15505
12908
13307
20611
13034
549
15788
1474
17362
1377
3975
15008
4232
8038
8863
12062
11464
1158
3844
5893
7454
13922
2540
8569
611
9004
15281
9292
20279
20062
2547
5429
17026
14556
20263
15709
16563
2349
19802
10854
1152
9687
211
