19689
20176
6196
17854
13816
11235
15842
2980
14133
15144
9872
15449
20108
5551
9974
20224
21025
2559
10268
12114
19422
3068
21247
20342
1785
11117
8456
19449
9628
17941
15840
17394
8398
14707
99
17872
175
4546
19456
13158
8188
9388
809
20880
9305
20537
19020
13732
20822
13300
7194
7475
8613
16840
841
16064
14519
3753
5650
11100
14476
21066
16292
12211
18189
4142
5858
17735
14849
5221
923
3094
4722
10328
4311
15386
189
8084
11089
41
12504
3470
7730
13835
16618
12132
5080
1947
1850
6562
14274
4
4550
19964
19805
15694
7168
11090
15917
13266
13410
4731
4718
8377
20162
20573
15804
15661
11526
59
13044
17873
16066
9697
11522
11554
37
7635
13098
17689
7656
8826
12311
12637
15349
8502
19625
20540
5060
15453
19284
12920
13496
20008
18129
12426
17513
2472
16321
13330
3256
1721
9938
16635
15630
17406
3711
20156
6290
3267
15317
6937
16609
8479
14453
16541
4089
629
2976
14486
19919
11805
12856
4278
11469
3907
9651
6795
2513
4049
15530
8824
8872
10284
9152
2990
17540
12650
16913
16378
19534
18327
6787
5573
15775
15902
19522
16879
2902
6153
4220
16691
2790
2796
1553
1135
11370
2414
15781
15535
18782
11048
18080
9451
3445
9443
20554
10356
5418
5574
11584
13814
7189
1314
9612
17805
12270
7538
11695
18928
10461
3725
11595
20409
6686
17390
6547
4021
1030
5275
7487
3464
6473
386
21130
17068
1854
18421
11834
8988
1433
11971
1506
4566
11724
10274
3469
3259
10630
19932
7116
4080
5765
11313
469
16928
2366
11506
12168
13136
15121
2659
6616
20031
10634
2943
18373
4427
19582
18737
2968
16633
9618
2954
18700
21387
6796
8608
10178
7828
9878
1063
4048
20773
6970
3697
10386
413
7219
638
18306
15452
6691
8209
7054
1912
15998
12778
3159
697
10277
9434
1290
6944
18524
19652
8338
21248
6797
6506
2310
20673
10543
1989
4557
19637
6293
13786
18989
20893
9130
8371
3081
5954
11981
19726
7587
17747
15222
15825
19478
60
3471
8487
14232
10169
11320
6711
17169
6200
8684
1936
16837
7617
861
873
20117
7914
16994
19158
9307
12207
1569
3548
15567
10049
14415
20037
10529
9941
11863
13733
5930
20616
13562
12320
12987
19457
8252
6095
1929
6817
15947
2213
14928
20326
4323
2314
1174
17424
12287
9917
7712
5933
12646
17195
2084
20260
3619
1825
18068
11097
13801
4900
15128
10369
20277
19017
11649
1603
491
10820
13265
8847
18426
2297
20564
5618
1783
8133
2670
21232
5115
15125
3150
3294
5494
16325
8995
1270
2453
10162
20522
17022
11445
1527
9800
21153
14445
10821
10840
11504
9412
1766
19482
355
8732
4830
2119
10155
13621
19288
7630
17897
6328
9768
3075
16914
13945
1315
9064
8367
14586
13803
8593
6444
5394
14073
18680
17672
8265
1666
17306
1541
2439
13398
6732
4033
8289
18002
7313
21358
19019
19891
10316
9710
12513
18909
3696
16430
4940
12124
17550
2815
20905
9444
18642
5254
1752
1018
20456
10143
17629
8745
10272
21300
15843
6394
3539
694
2920
3783
10892
21180
2452
18602
12065
3146
18798
5335
3228
16024
4879
6390
10861
7002
3304
5611
7351
20876
16860
19441
17354
2695
13540
14366
676
19166
10002
20833
17829
4848
16498
13482
8890
2009
83
11125
10967
4524
14914
21339
10834
3713
11781
15780
13890
4760
7238
6674
18791
4223
14162
2936
2247
1952
19025
5810
18385
16071
16532
4362
1002
814
5965
7289
15305
5291
10790
15762
13231
4320
20622
14
4377
13190
369
567
12662
11912
5175
19073
13963
13413
4413
10012
20472
20603
9389
14827
6593
17280
9049
20659
16726
10116
11243
7106
1086
9542
10392
5903
16103
6326
10728
9944
15937
3485
9202
10898
9919
10924
14193
7329
17374
19082
2223
4365
10106
6738
9782
21053
4726
15186
3202
14424
5525
8884
14922
9847
7036
5054
4561
5087
11762
14733
2262
10776
17610
14773
6518
2430
11959
17186
10799
14336
10399
7361
19945
19036
4312
19736
18038
14397
10640
9971
4250
2102
9778
6471
15954
18581
6952
17024
4626
15810
11651
8798
17295
5981
9733
16123
1710
8185
2003
2805
4644
5703
6210
7777
10184
18099
15426
19704
6877
17004
2783
2615
15005
21259
12584
2574
18042
17346
954
14572
11095
21082
18764
9440
15758
10465
4253
14763
15811
14551
21094
6169
6723
11848
18151
18035
7994
15177
16404
14899
7978
6170
1193
13878
4154
12896
2915
7717
6485
16776
7611
9093
9078
12432
8370
19709
19963
18773
1707
9826
6998
13859
13104
17642
19484
11868
11057
19349
18309
8498
1034
15990
18994
7798
5107
1810
8075
3833
2795
5346
11423
3126
19767
19384
20370
14489
2974
204
14091
13990
18794
8452
8726
20749
8548
2038
7848
21423
14864
247
18809
18428
21492
19510
12859
13459
7867
1355
14160
2660
6011
12984
8036
1446
20903
7941
13743
450
12259
5705
8215
3072
21271
2956
20652
18392
4024
10950
20729
3361
10675
4678
5811
20996
3336
18804
21485
12629
15204
12658
18996
1653
589
11147
5004
13206
7759
960
984
19688
4716
255
4552
1145
4883
8284
308
7426
12010
12427
5446
13793
19098
87
16076
16485
1494
11650
11074
2865
5684
7225
16597
3580
10679
15595
5938
8963
13664
760
11512
18993
8917
19081
19956
13812
6116
4332
6530
17395
1254
3799
9889
6920
16585
17724
409
16815
8220
13692
2464
9725
18819
11786
18562
15366
12885
16192
18776
3440
4013
2022
16887
16416
5732
9185
12777
7578
7825
18579
7989
1429
14380
14103
1978
754
8196
257
11615
19211
7007
5046
11087
2426
7659
21223
19249
18478
15489
21412
20297
11867
4422
2758
20732
19951
19952
2591
12595
17407
2894
7481
3279
9145
9891
19286
18337
19070
15689
1884
340
6811
4979
16081
10100
10483
1472
7029
15320
7858
151
20604
11358
1421
7078
8446
6347
14946
7923
12593
12682
16273
13281
13773
8386
13455
559
16536
1532
18229
21198
3949
15724
4194
20380
9083
12338
11744
1217
3784
6035
7649
14417
2573
8743
623
9235
20324
9562
4866
17931
20316
5503
17841
15170
2004
16500
17337
2392
2833
11159
1204
10050
168
