19708
20189
6255
17840
13914
11385
15873
3092
14189
15163
9992
15464
20113
5643
10085
20230
21011
2630
10427
12271
19413
3187
21233
20339
1803
11278
8579
19440
9696
17923
15860
17384
8526
14735
125
17848
207
4670
19445
13243
8307
9481
823
20864
9375
20524
19023
13818
20802
13371
7288
7542
8708
16844
852
16113
14577
3873
5743
11255
14532
21033
16303
12357
18153
4249
5923
17703
14867
5312
928
3209
4837
10476
4444
15371
217
8153
11242
58
12623
3584
7822
13910
16616
12276
5192
1995
1874
6618
14300
3
21449
19939
19784
15662
7262
11237
15929
13335
13469
4842
4833
8496
20129
20538
15784
15628
11676
81
13108
17826
16096
9751
11671
11703
52
7715
13175
17640
7738
8928
12437
12746
15315
8609
19595
20495
5173
15418
19239
12999
13537
19977
18071
12530
17465
2514
16311
13377
3365
1735
10032
16610
15591
17360
3830
20105
6337
3375
15283
7003
16583
8582
14471
16517
4185
649
3082
14507
19870
11938
12943
4402
11594
3993
9694
6854
2550
4144
15487
8915
8957
10409
9231
21497
17479
12747
16882
16351
19474
18247
6846
5646
15728
15875
19466
21419
3017
6212
4329
16663
2857
2860
1575
1138
11488
2484
15731
15486
18694
11196
18010
9505
3556
9497
20479
10474
5487
5645
11712
13858
7264
1325
9650
17718
12377
7575
11823
18840
10559
3837
11720
20327
6735
17316
6582
4115
1044
5354
7531
3567
6511
418
21031
17017
1873
18315
11953
9048
1444
12079
1515
4673
11843
10381
3574
3362
10714
19850
7179
4167
5825
11405
494
16871
2384
11602
21477
13170
15064
2709
6642
19935
10715
3042
18260
4531
19485
18617
3067
16569
9645
3054
18578
7231
6844
8676
10276
7897
9937
1070
4137
20679
7020
3803
10491
437
7281
654
18191
15365
6731
8287
7110
1938
15946
12836
3261
716
10371
9473
1295
6978
18391
19552
8414
3545
6841
6545
2335
20553
10616
2047
4656
19530
6314
13774
18868
20770
9184
8453
3181
5998
12070
19616
7632
17621
15127
15721
19352
21328
3571
8565
14201
10243
11397
6748
17082
6230
8740
1965
16745
7665
867
882
19987
7960
16908
19026
9332
12285
1583
3641
15472
10094
14364
19901
10592
9985
11954
13699
5976
20473
13542
12389
13012
19321
8311
6117
1951
6848
15857
2235
14854
20200
4426
2336
1167
17297
12356
9954
7749
20889
12705
17090
2126
20114
3712
1839
17930
11188
13763
4984
15031
10449
20130
20960
11728
1614
510
10889
13257
8889
18261
2322
20408
5659
1793
8158
2710
12331
5194
15024
3244
3383
5546
16226
9027
1276
2489
10219
20365
16909
11515
1547
9806
7196
14372
10884
10904
11565
9417
1774
19316
380
8773
4926
2147
10208
13585
19132
7653
17726
6340
9760
3169
16786
13919
1321
9107
20975
14514
13744
8635
6438
5441
14027
18484
17518
8308
1670
17167
1552
2482
13368
6756
4109
8321
17831
7345
21317
18837
19728
10376
9698
12536
18708
3788
21400
5019
12171
17375
21170
18477
9447
18444
5307
1755
1013
20273
10182
17455
8776
10309
3967
15679
6384
3622
710
3009
3863
10937
16779
2486
18398
12108
3232
18584
5384
3314
15893
4953
6382
20772
21014
3389
21145
7374
12159
16717
19241
17189
2727
13492
14273
684
18950
10017
5644
17625
4932
16354
13429
21208
2053
113
20835
10995
4602
14788
19813
10867
3798
11826
15615
13824
4836
21140
6664
18559
4293
14082
3019
2263
1969
18807
5833
18170
15931
16387
4446
995
815
5983
7307
15141
5334
10813
15589
13189
4411
20396
20
4458
13140
395
579
12672
20892
5232
18833
13905
13354
4485
10015
20256
20371
9366
14690
6585
17103
9050
20419
16553
10119
11277
7114
1090
9522
21478
5902
15945
6307
10740
9924
15734
3566
9205
10918
9882
10948
14098
7339
17178
18828
2233
4445
10101
6722
9746
12210
4793
15015
3283
14301
5552
8885
14768
20779
7040
5125
4631
5150
11790
14614
2273
10770
17379
14638
6496
2459
11982
17006
10795
14216
10422
7365
21506
18777
4395
21041
17809
14266
10639
9951
4316
2129
9732
20742
20888
21097
6933
16810
4700
15601
11666
8796
17096
5989
9685
15943
1700
21430
2041
2844
4719
5721
6198
7760
10161
17855
15231
19429
6866
16790
2818
2640
14832
11369
12556
2605
17799
17132
942
14404
11096
19209
18476
9380
15550
10478
4313
14620
15588
14376
4087
6144
6692
11853
17899
17785
7984
14988
16212
14723
7968
20307
1182
13731
4210
12843
2979
7691
6440
16560
7568
9066
9051
12408
8347
19406
19686
18473
1694
9756
6973
13700
13030
17377
19199
11872
11026
19050
18025
8499
1024
15737
18688
7776
5159
1816
8056
3892
2823
5368
11402
3200
19471
19094
20077
14311
3037
226
13967
13874
18479
8441
8703
11056
8546
2061
7829
4192
14670
277
18490
18132
15220
19208
12797
13350
7845
1345
14022
2685
6004
12916
8018
1422
21458
7921
13603
471
12222
5706
8169
3139
16653
20580
18263
18085
4074
10925
10699
3437
10643
4738
5799
10336
3405
20272
10221
12563
14986
12590
18663
1643
597
11123
5049
13086
7733
944
976
19347
4768
281
20602
1130
4931
8239
324
7402
11983
12386
5450
13637
18745
20609
15792
16238
1480
11604
11012
2901
5677
7192
16345
3639
10638
15316
5901
8934
13519
768
11458
18637
8879
18717
19620
13639
6085
4390
6466
17123
1244
3854
9798
6887
16330
17411
430
16546
8156
13539
2480
9633
18459
11742
18214
15099
12795
20562
18422
3500
4051
20967
16601
16169
5725
9139
12703
7524
7781
18225
7951
1406
14190
13939
1988
752
8130
20843
11566
20457
6957
5083
11003
2407
7582
6628
18866
18130
15210
15112
19923
21127
4469
2764
15790
19591
19592
2606
12514
17115
2929
7432
3340
9084
9779
18895
17995
18672
15385
1878
356
6754
5014
15754
10037
20827
1458
6972
15048
7809
183
14327
11305
1398
7038
8393
6283
14696
7878
12506
12572
15995
13117
13586
8324
13297
569
16246
1514
17878
1407
3976
15411
4228
8136
9014
12266
11684
1207
3835
20190
7564
14203
2562
8689
632
9168
15738
9480
4901
17566
2601
5483
17470
14900
2024
20298
17033
2379
2851
11075
1189
9958
196
