19695
20181
6232
17847
13865
11310
15861
3031
14163
15156
9933
15462
20111
5594
10033
20218
21021
2593
10339
12184
19412
3121
21243
20341
1792
11201
8514
19444
9666
17932
15858
17392
8468
14722
111
17866
191
4604
19450
13198
8246
9445
818
20872
9343
20526
19007
13759
20814
13341
7248
7515
8666
16845
848
16087
14552
3817
5682
11183
14503
21050
16300
12278
18172
4190
5890
17716
14856
5268
926
3152
4780
10404
4376
15381
201
8122
11172
46
12552
3523
7778
13872
16624
12201
5137
1963
1861
6589
14287
13
4606
19950
19791
15682
7212
21398
15921
13302
13439
4786
4773
8435
20144
20558
15799
15650
11590
66
13075
17849
16084
9726
11588
11618
42
7678
13138
17666
7698
8876
12370
12695
15336
8558
19609
20518
5122
15439
19263
12955
13520
19991
18101
12481
17492
2491
16319
13355
3309
1725
9980
16634
15617
17385
3765
20134
6313
3318
15302
6971
16602
8530
14465
16534
4134
639
3024
14502
19892
11873
12897
4335
11539
3948
9678
6831
2528
4096
15514
8873
8920
10342
9194
3035
17510
12702
16903
16366
19505
18287
6824
5613
15756
15890
19493
16867
2953
6189
4272
16681
2821
2827
1562
1131
11429
2444
15760
15516
18739
11126
18050
9483
3499
9474
20515
10420
5459
5612
11644
13834
7230
1319
9638
17767
12319
7561
11758
18885
10515
3776
11662
20373
6713
17361
6571
4068
1037
5314
21439
3515
6497
398
21091
17045
1862
18371
11892
9022
1428
12026
1505
4621
11787
10325
3519
21314
10668
19888
7158
4122
5793
11360
479
16904
2373
11562
12217
13153
15093
2684
6634
19988
10671
2988
18318
4475
19539
18675
3016
21294
9642
3002
18640
7199
6828
8648
10224
7872
9903
1066
4092
20738
6991
3744
10438
425
7257
645
18251
15414
6714
8248
7082
1919
15979
12808
3206
705
10323
9461
1291
6969
18462
19605
8380
3493
6827
6527
2320
20627
10581
2016
4605
19589
6308
13781
18929
20840
9162
8409
3127
5980
12029
19678
7619
17686
15192
15779
19415
67
3518
8525
14222
10213
21138
6730
17130
6220
8710
1944
16795
7642
864
878
20060
7946
16960
19099
9328
12245
1573
3593
15528
10076
14394
19978
10562
9967
11906
13717
5958
20548
13556
12359
13004
19389
8293
6109
1935
6836
15918
2219
14898
20268
4374
2323
1168
17365
12316
9943
7739
5962
12679
17148
2104
20198
3666
1829
18006
11146
13785
4942
15087
10412
20216
18945
11691
1606
500
10866
13263
8874
18347
2306
20494
5642
1784
8154
2688
12303
5156
15083
3196
3338
5522
16280
9018
1269
2471
10201
20455
16977
11483
1524
9812
7191
14412
10859
10877
11542
9427
1762
19401
364
8760
4884
2131
10189
13605
19215
7647
17823
6339
9770
3117
16864
13934
1316
9094
8400
14564
13778
8620
6450
5420
14051
18590
17602
8297
1660
17244
1543
2458
13386
6749
4070
8309
17929
7337
43
18934
19816
10349
9711
12526
18817
3737
16375
4978
12153
17478
2836
18588
9456
18548
5286
1749
1014
20375
10172
17558
8768
10296
3939
15765
6399
3583
701
2958
3824
10919
16868
2468
18513
12090
3188
18695
5362
3272
15976
4918
6398
10887
7017
3345
5631
7369
12149
16793
19354
17277
2708
13523
14326
679
19074
10018
5630
17740
4893
16439
13460
8909
2030
98
11170
10985
4564
14860
19916
20866
3752
11811
15715
13871
4800
7258
6681
18682
4260
14127
2975
2249
1961
21039
5826
18285
16012
16470
4410
1000
21451
5978
7302
15244
21172
10809
15693
13213
4366
20514
17
4420
13172
383
574
12674
11935
5207
18960
20841
20816
4450
10021
21181
20496
9383
14765
6600
17202
9058
20545
16662
10129
11265
7118
1083
9537
10417
5911
16035
6323
10739
9947
15872
3524
9212
10917
9912
10940
14154
7341
17283
18962
2224
20689
10115
6743
9775
12216
4763
15101
3243
14369
5541
8894
14858
9839
7047
5092
4600
5124
11782
14676
2265
10781
17512
14711
6516
2437
11976
17105
20681
14285
10418
7371
19837
18920
4353
19623
17942
14337
10645
9972
4282
2114
9766
6462
15882
21057
6950
16945
4661
15720
11670
8807
17207
5990
9720
16047
1702
8178
2018
21230
4682
5716
6216
7783
10190
17993
21333
19588
6881
16920
2798
2625
14934
11378
12571
2586
17940
17246
947
14509
11106
19360
18630
9425
15668
10475
4283
14697
20715
14481
4064
6164
6720
11860
18027
17928
8001
15086
16315
14820
7986
6171
1187
13833
4181
12878
2942
7720
6474
16696
7602
20839
9076
12420
8374
19584
19838
18636
1699
9809
6993
13790
13072
17531
19359
11878
11051
19217
18184
8510
1031
15897
18864
7800
5136
1804
8072
3862
2807
5361
11422
3164
19634
19256
20246
14405
3004
214
14035
13935
18653
8461
8722
11099
8560
2048
7849
4165
14778
260
18664
18289
15343
19374
12833
13411
7871
1348
14100
2671
6015
12954
8032
1435
17552
7940
13676
458
12248
5712
8207
3104
16773
2987
18440
18258
4046
10946
10718
3394
21143
4711
5815
10370
3369
18655
10252
12597
15095
12630
18856
1646
592
11154
5031
13160
7753
953
980
19542
4749
267
4584
1141
4910
8271
315
7419
12005
12409
5455
13716
18936
100
15975
16381
1484
11642
11050
2880
5688
7222
16487
3610
10665
15484
5931
8956
13600
765
11494
18846
8913
18915
19806
13723
6108
20678
6512
17270
1248
3827
9864
6907
16475
17584
420
16707
8203
13628
20885
9695
18657
11776
18407
15257
12846
16089
18612
3467
4032
2032
16765
16304
5739
9175
12742
21191
7817
18423
7974
1415
14295
14030
1979
757
8175
268
11603
19041
21090
5068
11049
2411
7644
6660
19087
18317
15359
15273
20139
11854
4448
2756
15986
19790
21375
2598
12560
17271
2913
7464
3310
9126
9862
19126
18185
18892
15566
1880
346
6793
5001
15961
10078
10473
1464
20754
15211
20784
166
14469
11342
1409
7068
8432
20628
14837
7910
12555
12639
16162
13210
13682
20437
13382
563
16415
1521
18065
1419
3963
15599
4211
8194
9060
12312
11725
1213
3811
6026
7626
14320
2564
8728
618
9215
15953
9529
4887
17777
21483
5500
17670
15047
2011
16373
17201
2385
2842
11144
1199
10027
179
