19633
20177
6459
17808
14085
11966
15991
3513
14325
15137
10552
15500
20026
5885
10662
21491
20954
2853
11020
12690
19296
3587
21135
20283
1835
11818
8973
19299
10203
17824
15911
17264
8930
14752
177
17701
282
5119
19281
13422
8688
9769
791
20734
9627
20415
18848
13975
20690
13558
7558
8008
9086
16764
827
16059
14604
4218
5959
11693
14555
20849
16215
12696
17999
4671
6106
17493
14793
5543
899
3590
5210
11004
4843
15237
288
8561
11626
126
12864
3935
8149
13983
16444
12591
5423
2115
1907
6862
14277
48
5078
19619
19494
15525
7493
11593
15771
13388
13563
5206
5201
8814
19771
20255
15618
15438
12057
139
13201
17496
15916
10087
12054
12068
21098
8067
13227
17296
8078
9179
21384
12892
15081
8914
19172
20121
5391
15145
18822
13061
13574
19556
17675
12739
17138
2647
16104
13362
3695
1690
10384
16326
15298
17052
4129
19622
6424
3700
15021
7202
16271
8836
14314
21185
4575
637
3413
14328
19350
12199
12967
4779
11907
4307
9881
6994
2687
4513
15116
9132
9160
10685
9316
3419
17085
12821
16473
16036
18912
17745
6965
5790
15337
15479
18878
16423
3291
6247
4669
16234
3135
3138
1554
1107
11730
2541
15303
15073
18190
11362
17426
9546
3855
9525
19831
10688
5637
5775
11922
13661
7421
1259
9718
17170
12508
7866
12038
18259
10807
4108
11916
21032
6830
16850
6607
4433
985
5491
7745
20557
6541
464
20352
16463
21354
17651
12092
9174
1392
12204
1465
4966
12013
10538
20439
3636
21124
19042
7285
4478
21421
11513
520
16287
2391
11731
12358
13027
14662
2817
6631
19104
10998
3281
17523
4822
18681
17915
3303
16033
9580
3287
17856
7317
6886
8789
20807
8055
9955
1005
4418
19774
7062
4017
10557
481
7385
636
17371
14862
6684
8404
7135
21054
21118
12748
3551
693
10445
9369
1231
7001
17559
18622
8501
3775
20467
21490
2289
19590
10692
2088
4909
18592
6250
13446
17989
20974
9183
20024
3435
6025
12077
21431
7716
16884
14617
15027
18405
20962
3802
8581
13811
10237
20581
6638
20313
6142
8763
20099
20247
7709
793
796
18898
8039
16146
18043
9256
20390
1479
3872
14785
10029
13933
18789
10576
9832
11904
13292
5950
19326
13148
12272
12775
18273
8276
6071
1877
6707
15026
2188
14236
18995
4646
2274
1106
16419
12220
9723
7768
5919
12528
16210
2130
18897
3924
1728
16982
11176
13278
5181
14354
10320
18888
17714
11563
1501
528
10838
12911
8839
17194
2243
19136
5652
1677
8116
2706
12166
5265
14323
3461
3592
5520
15199
8945
1216
2408
10013
19024
15985
11331
1452
9528
7064
13769
10758
10768
11349
9243
1659
18054
388
8657
5101
2137
9898
13069
17853
7513
16692
6151
9465
3311
15768
13277
1229
8970
8256
13845
13179
8517
19985
5428
20818
17230
16410
8150
1594
16134
1440
2360
12905
6488
4237
8152
16709
7161
110
21161
18316
10041
9363
12232
17351
3931
20707
5143
19754
20619
2863
17182
9220
17150
5300
1645
930
18729
9757
16283
8594
9887
20480
14688
6157
3770
667
3057
3966
10684
15572
2352
17091
11813
3399
17205
5359
3487
14775
5077
6146
10606
6788
3563
5527
7126
11824
15423
17683
16029
2692
19231
13494
641
17409
19470
5519
16338
5016
15068
12853
19371
1890
162
10896
20349
4707
13928
20583
10541
3905
11372
14580
13064
4925
6947
6364
17102
4397
13245
3014
2172
1824
17229
5695
16771
14706
15030
4540
21139
772
5794
6989
14137
5284
10481
14483
12633
4480
18606
21037
4548
12594
403
548
12186
11431
5219
19005
13050
12735
4573
9441
18448
18554
9034
13694
6236
15660
8702
18577
15078
9518
19577
6776
972
9157
21286
5746
14653
6061
10282
9352
14525
3650
8848
10496
9339
10501
13156
6964
15680
17133
2161
4486
9475
6317
9266
11614
20265
13965
3371
13305
5403
8533
13684
9277
6588
5128
4657
19169
11252
21255
2167
10261
15859
13577
6132
19666
11348
15348
10263
13205
9654
6940
17700
17025
4398
17506
16194
20923
19777
20695
4292
2075
9237
6092
14375
16652
20013
15119
18882
14256
11140
8375
15387
5744
9193
14504
1579
7838
18797
2700
4708
5489
5880
7398
9405
16174
14007
17352
6380
20585
2693
2517
13625
10751
19162
19498
16112
18434
831
13250
18753
17177
16685
8929
14153
9588
4273
13381
14186
13215
4060
5841
6208
11211
16133
16037
7485
13689
14618
13477
7470
5831
1067
12780
4151
20401
2803
20762
6065
14847
7095
8549
8541
11599
7920
17226
17422
16520
1556
20398
6419
12749
19649
15510
17086
11178
10299
16981
16160
8007
896
14207
19213
7263
18997
1626
21022
3888
2669
18701
10649
20618
17204
16961
17671
13070
21391
287
12851
12774
16446
7928
8111
10260
8015
1806
7265
4124
13296
313
16432
16158
13750
16990
11931
12430
7276
1214
12855
2510
5615
12048
7436
20511
15346
7383
21063
20147
11315
5405
7536
3003
14720
2779
18384
16065
3984
10004
9671
19957
9594
4643
5458
9346
3401
16327
9288
11598
13486
18518
16450
1453
544
10154
4920
12143
7093
826
834
19614
4651
20670
18527
979
4806
7532
333
20119
11114
11350
5223
12547
17538
20774
14077
14329
1330
21416
18378
2691
19003
6458
14389
3601
20566
13670
5507
8177
12434
685
10506
16329
8127
16379
17067
12511
19549
4202
21197
14943
1093
3760
9008
6195
17423
20895
429
14511
7465
12413
2185
8908
17922
20003
15971
13447
11689
14054
16122
3455
21078
1723
14529
14158
5355
8366
11545
6802
7043
20956
7177
20036
12781
12621
1681
675
20512
17499
10505
17327
6217
4867
9788
2173
21052
6049
16335
15716
13451
13361
17118
20534
4251
2526
13918
16889
16886
2282
11326
14789
2654
6578
3179
8202
8932
16296
15501
16168
20860
17909
345
6070
4805
19290
9062
9263
1245
6190
18182
6974
230
12798
10045
1226
6218
17908
5752
12986
7031
11289
11324
13950
11893
12260
7463
20854
532
14089
1328
15255
1227
3829
18949
4009
7368
8107
11108
10455
20203
3675
5478
6672
12694
2229
7844
555
8199
18084
8543
19676
14985
2246
5190
14918
13054
1672
14013
14610
2157
2536
9619
992
8936
252
