19715
20184
6264
17837
13932
11432
15891
3130
14204
15172
10036
15467
20101
5661
10127
20227
21008
2645
10468
12308
19404
3217
21229
20334
1820
11314
8607
19434
9717
17920
15881
17382
8566
14744
128
17839
212
4712
21457
13270
8339
9504
822
20858
9398
20519
19006
13846
20796
13391
7311
7556
8751
16848
849
16121
14584
3900
5763
11292
14546
21029
16309
12387
18141
4286
5956
17688
14870
5344
916
3245
4878
10511
4479
15367
222
8192
11276
63
12657
3613
7857
13924
16619
12309
5217
2017
1879
6626
14307
18
4710
19922
19770
15654
7279
11270
15938
13346
13478
4882
4869
8524
20103
21420
15785
15623
11713
88
13126
17810
16101
9773
11707
11740
57
7737
13188
17626
7757
8950
12461
12771
15307
8632
19580
20482
5203
15406
19224
13015
13546
19948
18053
12554
17446
2522
16306
13389
3400
1736
10053
16595
15581
17335
3858
20082
6350
3410
15274
7025
16576
8604
14474
16508
4217
648
3107
14505
19848
11972
12953
4439
11632
4026
9703
6864
2557
4170
15476
8939
8979
10446
9249
3120
17453
12768
16870
16344
19435
18219
6857
21486
15712
15866
19426
16823
3045
6222
4364
16656
2879
2886
1577
1127
11521
2493
21165
15470
18667
11222
17983
9514
3585
9507
20448
10504
5516
5658
11743
13862
7278
1324
9655
17682
12395
7584
11852
18810
10579
3861
11752
20292
6753
17293
6586
4139
1042
5378
7539
3595
6523
421
20995
16996
1876
18280
11980
9070
1430
12098
1512
21340
11881
10407
3600
3390
10733
19819
7193
4195
5839
11434
497
16847
2388
11634
12292
13171
15043
2722
6644
19894
10736
3070
18221
4560
19433
18580
3089
16539
9646
3079
18538
7240
6852
8691
10293
7913
9948
1069
4157
20640
7034
3831
10509
441
7291
653
18148
15335
6739
8298
7123
1940
15936
12847
3289
717
10397
9478
1289
6995
18349
19503
8439
3573
6845
6546
2339
20499
10628
2057
4690
19487
6315
13762
18818
20736
9198
8470
3205
6007
12085
19573
7636
17582
15098
15692
19307
90
21080
8580
14185
10270
11415
6758
17048
6233
8755
1968
16722
7670
860
879
19927
7973
21173
18972
9334
12298
1584
3669
15424
10102
14348
19851
10601
9989
11969
13686
5988
20427
13530
12398
13007
19269
8323
6120
1956
20985
15816
2237
14819
20133
4456
20934
1161
17259
12363
9957
7755
20828
12710
17053
2133
20057
3735
1838
17893
11202
13742
5009
15003
10459
20073
18808
11745
1613
512
10905
13241
8899
18208
2324
20357
5667
1791
8167
2721
12339
5212
14995
3268
3412
5556
16201
9029
1265
2497
10233
20302
16859
11525
1539
9805
7201
14347
10895
10912
11572
9410
1764
19258
384
8783
4946
2151
10214
13572
19065
7650
17660
6334
9755
3191
16743
13906
1308
9113
8422
14475
13714
8642
6433
5457
14011
18427
17451
8312
1662
17129
1551
2488
13352
6757
4127
8330
17770
7348
21295
18767
19662
10382
9681
12534
18629
3808
16256
5044
12169
17311
2878
18413
9426
18375
5319
1746
1008
20208
10183
17397
20710
10312
3988
21312
6379
3648
709
3029
3885
10953
16733
2492
18326
12105
3254
18517
5395
3333
15834
4970
6376
10906
7019
3416
5651
7378
12157
16670
19173
17141
2732
13462
14243
681
18881
10011
5648
17564
4948
21262
13405
8912
2058
118
11190
10996
4625
14745
19740
10857
3820
11829
15562
13766
4861
7259
6656
18486
4319
14049
3034
2260
1970
18726
5837
18093
21164
16332
4473
991
800
5982
7304
15088
5345
10803
15539
13157
4434
20310
22
4481
13105
393
578
12653
11955
5241
18750
13867
13326
4507
9999
20163
20287
9351
14652
6573
20873
9042
20332
16491
10104
21359
7107
1078
9513
10423
5898
15884
6296
21044
9888
15671
3588
9200
20721
9869
10943
14056
7331
17121
18733
2227
4465
10090
6704
9724
12198
4808
14967
3302
14257
5555
8870
14719
9781
7033
5134
4652
5162
11780
14570
2272
10761
17301
14601
6478
2445
11974
16942
10784
14173
10411
7358
19613
18677
4416
19376
17712
14225
20930
9911
4336
20787
9708
6427
15658
18226
6922
16746
4720
15538
11653
8790
17031
20460
9659
20469
1693
8143
2049
2849
4737
5724
6185
7750
10144
17762
15168
19327
6861
16725
2820
21471
14766
11356
12538
2609
17697
17062
936
20844
11077
19119
18379
9361
21187
10469
4334
14571
15519
14324
4102
6137
6663
11844
17795
17680
7970
14925
16151
14665
7959
6136
1177
13679
4224
12817
2991
7677
20290
16482
7554
9046
9033
12393
21432
19303
19578
18372
1689
9727
6955
13657
12992
17286
19103
11851
11011
18937
17944
8488
1012
15649
18573
20793
5167
1801
8048
3903
2824
5372
11384
3214
19348
18968
19961
14254
3052
231
13923
13787
18376
8421
8694
11029
8536
2065
7813
4203
14621
279
18382
18026
15124
19105
21174
13301
7833
1340
13978
2686
5999
12876
8009
1410
17289
7909
13555
472
12191
5696
8147
3155
16542
3030
18159
17987
4079
10900
10680
3454
10624
4752
5792
10311
3428
18363
10197
20642
14915
12557
18539
1638
594
11104
5061
13048
7701
937
971
19232
4777
283
4616
1123
4941
8214
325
7389
11961
12361
5447
13581
18613
20507
15698
16170
1473
11576
10991
2910
5672
7167
16252
3655
10613
15239
5889
8907
13458
749
21498
18516
8853
18589
19489
13582
6072
4401
6435
17035
1239
21095
9748
6868
16235
17294
431
16454
8129
13485
2467
9595
18338
11715
18095
15018
12755
15805
18290
3510
4055
20270
16505
16085
5714
9116
12654
7503
20264
18107
7933
1396
14122
13882
1983
747
8109
284
11532
18689
6928
5090
10981
2400
21407
6602
18724
18008
20901
15023
19795
11798
20442
2755
15683
19431
19432
2604
12479
17021
2934
7412
3350
20411
9730
18756
17876
18535
15286
1871
354
6700
5018
15644
20837
10414
1448
6939
20359
7780
184
14249
11281
1389
7006
8353
6262
14624
7851
12471
12531
21452
13060
13521
8295
13226
552
16166
1495
17739
1397
3982
15301
4233
8112
8989
12209
11633
1198
3841
5993
21081
14124
21192
8668
615
9135
20610
9418
4904
17433
2588
5476
17328
14798
21345
21397
16929
2370
20269
11013
1178
9883
197
