19663
20217
6422
17787
14050
11889
15999
3411
14292
15154
10463
15503
20065
5856
10545
20235
20998
2759
10841
12619
19324
3507
21179
20323
1846
11692
8887
19335
10061
17832
15966
17288
8840
14756
167
17719
274
5005
19315
13387
8636
9658
799
20785
9568
20477
18913
13958
20737
13506
7508
7916
9002
16775
832
16115
14608
4146
5913
11609
14576
20941
16245
12644
18041
4612
6088
17535
14818
5514
906
3514
5169
10829
4792
15278
280
8515
11579
124
12844
3875
8094
13979
16499
12561
5399
2108
1904
6810
14303
45
4976
19725
19563
15597
7460
11549
15851
13409
13557
5163
5151
8727
19872
20364
15706
15532
12017
138
13194
17571
16005
10044
12011
12025
116
8020
13228
17400
8030
9156
12671
12890
15151
8843
19274
20276
5370
15233
18946
13058
13575
21505
17781
12736
17200
2627
16172
13404
3621
1706
10317
16409
15408
17116
4076
19764
6420
3628
15077
7162
16370
8797
14357
16317
4506
644
3317
14373
19532
12179
12982
4691
11895
4268
9866
6977
2658
4451
15224
9119
9151
10627
9301
3334
17151
12849
16626
16152
19076
17913
6963
5787
15502
15608
19037
16538
3249
6245
4627
16364
3098
3102
1568
1129
11722
2533
15478
15191
18320
11357
17586
9550
3794
9530
20030
10655
5609
5774
11925
13715
7411
1301
9714
17281
12512
7807
12023
18409
10753
4038
11923
19832
6825
16991
6613
4352
1020
5485
7695
3796
6549
461
20584
16664
1865
17874
12101
9171
1414
12213
1483
4930
21087
10537
20667
3594
10989
19273
7287
4437
5888
11561
519
16456
2382
11800
12374
13067
14760
2768
6658
19320
10982
3237
17711
4796
18910
18112
3271
16187
9613
3253
18057
7354
6895
20942
10416
8049
10020
1051
4349
20050
7079
3987
10572
477
7387
643
17598
14977
6775
8411
7153
1933
20752
12792
3489
720
10494
9385
1253
7050
21494
18894
8516
3743
6869
6487
2307
19861
10711
2097
4885
18858
6273
13570
18244
20085
9207
8520
3388
6044
12122
18908
7734
17071
14737
15201
18671
21086
3767
8597
13956
10291
11419
6690
16506
6182
8800
2033
16218
7735
828
21297
19205
8052
16339
18304
9278
12258
1560
3834
14963
10068
21493
19112
10621
9921
11985
13437
6006
19671
13258
12369
12869
18547
8346
6097
1910
21150
15223
2197
14423
20525
4618
2292
1142
16705
12295
9854
7818
5968
12603
16448
2142
19234
3902
1778
17184
11207
13442
21113
14597
10434
19233
18064
11685
1590
527
10980
13000
8883
17486
2278
19541
5674
1705
8141
2725
12231
5273
14558
3430
3576
5558
21088
8993
1232
2475
10080
19428
16219
20252
1471
9598
7125
13984
10914
10955
11456
9280
1688
18403
416
8704
5097
2152
10054
13212
18209
7560
16987
6231
9564
3305
16129
13470
1250
9024
8362
14031
13332
8568
6332
5462
13578
21084
16754
8218
1621
16406
19833
2376
13017
6584
4230
8227
17016
7272
21068
17898
18696
10206
9485
12382
21360
3917
20804
21111
12031
16582
2888
17525
9265
17490
5337
1680
969
19177
9987
16659
8670
10075
4103
14944
6243
3764
687
3095
3965
10817
16020
2375
17405
11952
3372
17561
5390
3476
15038
5093
6234
10746
21327
3554
5581
7256
11992
15924
18157
16331
2702
13040
13701
666
20639
21337
5577
16728
5045
15433
12983
8787
2059
150
11022
21212
4715
14129
18628
10670
3908
11575
14809
13253
4937
20447
6455
17477
4419
13495
3087
2187
1882
17639
5769
17117
14998
15400
4565
939
780
5864
7117
14408
5311
10597
21367
12791
4511
20135
21142
4571
12764
426
553
20096
11655
5239
17611
13256
12895
4594
9584
18926
19047
9166
14010
6359
16155
8861
19093
19862
9702
11042
6911
20675
9245
10048
5800
14952
6127
10510
9527
14815
3651
8981
10632
9491
10659
13428
7112
16180
17556
2174
4532
9643
6437
9367
11910
4856
14212
3385
13604
19722
8654
14023
20389
6800
5160
4701
5184
11398
13880
2182
19116
16301
13904
6242
2344
11591
15974
10516
19298
10003
7108
18286
17447
20865
18076
16671
13536
10314
19631
20451
2106
9336
6193
14747
17083
6621
15674
4746
14648
11288
8540
16017
5818
9293
14869
1624
7972
1901
21438
4771
5571
6020
7480
9608
20655
14291
17964
6515
15602
2733
2548
13997
11025
12135
2520
16555
16011
890
13594
19336
17681
17122
9100
21281
9968
4318
13725
14603
13573
4105
5945
6374
20746
20834
16493
7690
14060
20421
13876
7648
5927
1104
13011
4204
12355
2862
7417
6148
15242
7328
21110
8701
11942
8058
17822
18069
20284
1616
9289
6590
12972
12488
20821
17588
11339
10582
17480
16697
8105
19270
14633
19986
7444
5132
1674
7742
3909
2711
19886
10997
3204
17794
17473
18368
13416
2940
21201
13081
13024
17038
8069
8342
10567
8119
18860
7458
4156
13675
310
17030
16719
14141
19610
12215
12706
21126
1241
13096
2553
20727
12307
7589
1342
16073
7497
12860
486
11612
5498
7869
3105
15181
2859
16772
16643
4031
10402
10081
3477
21073
18999
5567
19194
3438
16959
19113
12002
13947
12022
17074
1531
19220
21456
4982
12458
7384
887
893
17541
4721
312
4585
1053
4877
7879
336
6966
11327
11760
5287
12832
17087
149
14544
14802
1366
11037
10454
2745
5461
6693
14902
20953
18734
14121
5649
8492
21442
726
10850
16993
8434
17040
17678
12802
5798
4289
6098
15561
1140
3819
9238
6407
14836
15951
436
14991
7736
12733
2277
9143
16800
11121
16575
21321
12081
18203
19700
21418
3985
21403
15007
14671
5465
8619
18303
7075
7363
16523
7453
1303
13094
12934
1796
20393
7631
18256
19826
17032
6431
4967
10319
2218
19264
6155
17041
16417
21178
13909
19843
11132
18916
2633
14362
17529
17528
2367
11788
15395
2731
6923
3299
18886
9182
17925
16258
16877
18702
1682
363
19761
4892
14319
9275
9540
1336
21495
13756
20589
223
13150
18283
1280
6454
7876
5897
19982
7381
21394
11812
14441
12269
12681
7792
12436
538
14644
18198
16139
1285
18536
14036
4110
7540
8460
11376
17926
1094
3755
5628
7048
13022
2348
8089
600
8551
14234
8855
18855
15786
2354
5257
15652
20315
1789
14587
21042
2186
2656
10236
1080
9210
235
